0.000	0.000	80.012	0.142
0.000	0.000	80.037	0.137
0.000	0.000	80.085	0.137
0.000	0.000	80.096	0.137
0.000	0.000	80.119	0.142
0.000	0.000	80.135	0.137
0.000	0.000	80.159	0.142
0.000	0.000	80.177	0.142
0.000	0.000	80.211	0.137
0.000	0.000	80.229	0.142
0.000	0.000	80.255	0.142
0.000	0.000	80.275	0.137
0.000	0.000	80.318	0.142
0.000	0.000	80.336	0.137
0.000	0.000	80.367	0.142
0.000	0.000	80.384	0.137
0.000	0.000	80.427	0.137
0.000	0.000	80.449	0.137
0.000	0.000	80.479	0.137
0.000	0.000	80.498	0.132
0.000	0.000	80.539	0.137
0.000	0.000	80.561	0.137
0.000	0.000	80.591	0.132
0.000	0.000	80.610	0.137
0.000	0.000	80.634	0.137
0.000	0.000	80.651	0.132
0.000	0.000	80.673	0.137
0.000	0.000	80.698	0.132
0.000	0.000	80.723	0.137
0.000	0.000	80.759	0.132
0.000	0.000	80.768	0.137
0.000	0.000	80.792	0.137
0.000	0.000	80.809	0.137
0.000	0.000	80.831	0.137
0.000	0.000	80.849	0.132
0.000	0.000	80.879	0.137
0.000	0.000	80.899	0.132
0.000	0.000	80.926	0.142
0.000	0.000	80.944	0.132
0.000	0.000	80.983	0.137
0.000	0.000	80.991	0.137
0.000	0.000	81.016	0.137
0.000	0.000	81.039	0.142
0.000	0.000	81.058	0.137
0.000	0.000	81.093	0.142
0.000	0.000	81.103	0.147
0.000	0.000	81.128	0.132
0.000	0.000	81.153	0.142
0.000	0.000	81.170	0.142
0.000	0.000	81.203	0.142
0.000	0.000	81.221	0.142
0.000	0.000	81.247	0.142
0.000	0.000	81.265	0.142
0.000	0.000	81.306	0.142
0.000	0.000	81.328	0.142
0.000	0.000	81.357	0.142
0.000	0.000	81.376	0.142
0.000	0.000	81.403	0.147
0.000	0.000	81.424	0.147
0.000	0.000	81.454	0.147
0.000	0.000	81.477	0.147
0.000	0.000	81.503	0.152
0.000	0.000	81.521	0.152
0.000	0.000	81.553	0.147
0.000	0.000	81.570	0.152
0.000	0.000	81.598	0.157
0.000	0.000	81.617	0.157
0.000	0.000	81.652	0.162
0.000	0.000	81.669	0.162
0.000	0.000	81.696	0.167
0.000	0.000	81.713	0.162
0.000	0.000	81.749	0.162
0.000	0.000	81.766	0.167
0.000	0.000	81.789	0.167
0.000	0.000	81.815	0.162
0.000	0.000	81.836	0.167
0.000	0.000	81.857	0.167
0.000	0.000	81.881	0.167
0.000	0.000	81.896	0.167
0.000	0.000	81.910	0.162
0.000	0.000	81.926	0.162
0.000	0.000	81.943	0.162
0.000	0.000	81.959	0.162
0.000	0.000	81.986	0.157
0.000	0.000	82.001	0.157
0.000	0.000	82.029	0.157
0.000	0.000	82.048	0.157
0.000	0.000	82.083	0.157
0.000	0.000	82.100	0.152
0.000	0.000	82.124	0.157
0.000	0.000	82.150	0.152
0.000	0.000	82.175	0.157
0.000	0.000	82.194	0.152
0.000	0.000	82.223	0.147
0.000	0.000	82.240	0.157
0.000	0.000	82.271	0.152
0.000	0.000	82.288	0.152
0.000	0.000	82.322	0.152
0.000	0.000	82.340	0.147
0.000	0.000	82.365	0.142
0.000	0.000	82.384	0.147
0.000	0.000	82.415	0.147
0.000	0.000	82.434	0.142
0.000	0.000	82.461	0.152
0.000	0.000	82.486	0.147
0.000	0.000	82.512	0.147
0.000	0.000	82.529	0.147
0.000	0.000	82.558	0.147
0.000	0.000	82.581	0.147
0.000	0.000	82.605	0.147
0.000	0.000	82.625	0.147
0.000	0.000	82.654	0.147
0.000	0.000	82.671	0.142
0.000	0.000	82.702	0.152
0.000	0.000	82.719	0.147
0.000	0.000	82.747	0.147
0.000	0.000	82.776	0.142
0.000	0.000	82.794	0.142
0.000	0.000	82.813	0.147
0.000	0.000	82.835	0.142
0.000	0.000	82.855	0.142
0.000	0.000	82.871	0.142
0.000	0.000	82.886	0.142
0.000	0.000	82.904	0.137
0.000	0.000	82.914	0.142
0.000	0.000	82.930	0.142
0.000	0.000	82.950	0.142
0.000	0.000	82.964	0.142
0.000	0.000	82.980	0.142
0.000	0.000	82.996	0.137
0.000	0.000	83.013	0.142
0.000	0.000	83.030	0.142
0.000	0.000	83.046	0.142
0.000	0.000	83.061	0.137
0.000	0.000	83.076	0.142
0.000	0.000	83.093	0.147
0.000	0.000	83.110	0.142
0.000	0.000	83.128	0.142
0.000	0.000	83.138	0.142
0.000	0.000	83.153	0.142
0.000	0.000	83.171	0.142
0.000	0.000	83.190	0.142
0.000	0.000	83.204	0.142
0.000	0.000	83.220	0.137
0.000	0.000	83.238	0.137
0.000	0.000	83.253	0.137
0.000	0.000	83.269	0.142
0.000	0.000	83.285	0.142
0.000	0.000	83.302	0.137
0.000	0.000	83.317	0.142
0.000	0.000	83.334	0.137
0.000	0.000	83.350	0.137
0.000	0.000	83.375	0.142
0.000	0.000	83.393	0.147
0.000	0.000	83.429	0.142
0.000	0.000	83.439	0.142
0.000	0.000	83.464	0.137
0.000	0.000	83.479	0.142
0.000	0.000	83.505	0.142
0.000	0.000	83.523	0.142
0.000	0.000	83.550	0.147
0.000	0.000	83.575	0.137
0.000	0.000	83.599	0.137
0.000	0.000	83.616	0.142
0.000	0.000	83.658	0.142
0.000	0.000	83.679	0.142
0.000	0.000	83.709	0.142
0.000	0.000	83.732	0.142
0.000	0.000	83.758	0.142
0.000	0.000	83.774	0.142
0.000	0.000	83.794	0.142
0.000	0.000	83.813	0.142
0.000	0.000	83.828	0.142
0.000	0.000	83.845	0.142
0.000	0.000	83.860	0.142
0.000	0.000	83.878	0.142
0.000	0.000	83.893	0.142
0.000	0.000	83.908	0.142
0.000	0.000	83.926	0.142
0.000	0.000	83.941	0.142
0.000	0.000	83.956	0.142
0.000	0.000	83.998	0.137
0.000	0.000	84.017	0.137
0.000	0.000	84.044	0.137
0.000	0.000	84.068	0.137
0.000	0.000	84.098	0.137
0.000	0.000	84.115	0.137
0.000	0.000	84.141	0.137
0.000	0.000	84.163	0.137
0.000	0.000	84.194	0.137
0.000	0.000	84.212	0.142
0.000	0.000	84.236	0.137
0.000	0.000	84.257	0.137
0.000	0.000	84.286	0.142
0.000	0.000	84.306	0.142
0.000	0.000	84.333	0.142
0.000	0.000	84.357	0.137
0.000	0.000	84.380	0.137
0.000	0.000	84.406	0.137
0.000	0.000	84.430	0.142
0.000	0.000	84.448	0.137
0.000	0.000	84.476	0.137
0.000	0.000	84.494	0.137
0.000	0.000	84.521	0.137
0.000	0.000	84.542	0.137
0.000	0.000	84.564	0.137
0.000	0.000	84.581	0.142
0.000	0.000	84.595	0.142
0.000	0.000	84.613	0.137
0.000	0.000	84.630	0.142
0.000	0.000	84.645	0.142
0.000	0.000	84.660	0.137
0.000	0.000	84.676	0.142
0.000	0.000	84.692	0.142
0.000	0.000	84.709	0.137
0.000	0.000	84.724	0.137
0.000	0.000	84.741	0.137
0.000	0.000	84.758	0.137
0.000	0.000	84.777	0.137
0.000	0.000	84.797	0.142
0.000	0.000	84.814	0.142
0.000	0.000	84.838	0.142
0.000	0.000	84.866	0.142
0.000	0.000	84.883	0.137
0.000	0.000	84.908	0.137
0.000	0.000	84.926	0.137
0.000	0.000	84.956	0.137
0.000	0.000	84.973	0.142
0.000	0.000	85.007	0.137
0.000	0.000	85.026	0.137
0.000	0.000	85.055	0.137
0.000	0.000	85.073	0.147
0.000	0.000	85.103	0.137
0.000	0.000	85.121	0.137
0.000	0.000	85.147	0.137
0.000	0.000	85.172	0.137
0.000	0.000	85.202	0.137
0.000	0.000	85.220	0.137
0.000	0.000	85.245	0.137
0.000	0.000	85.262	0.137
0.000	0.000	85.286	0.137
0.000	0.000	85.311	0.142
0.000	0.000	85.340	0.137
0.000	0.000	85.361	0.142
0.000	0.000	85.388	0.142
0.000	0.000	85.413	0.137
0.000	0.000	85.437	0.137
0.000	0.000	85.462	0.137
0.000	0.000	85.486	0.137
0.000	0.000	85.502	0.137
0.000	0.000	85.525	0.137
0.000	0.000	85.549	0.137
0.000	0.000	85.566	0.137
0.000	0.000	85.593	0.137
0.000	0.000	85.618	0.137
0.000	0.000	85.656	0.137
0.000	0.000	85.661	0.142
0.000	0.000	85.688	0.132
0.000	0.000	85.710	0.137
0.000	0.000	85.749	0.142
0.000	0.000	85.757	0.137
0.000	0.000	85.781	0.142
0.000	0.000	85.798	0.142
0.000	0.000	85.816	0.137
0.000	0.000	85.840	0.137
0.000	0.000	85.865	0.137
0.000	0.000	85.896	0.137
0.000	0.000	85.914	0.142
0.000	0.000	85.938	0.137
0.000	0.000	85.979	0.137
0.000	0.000	86.001	0.142
0.000	0.000	86.028	0.137
0.000	0.000	86.054	0.137
0.000	0.000	86.082	0.132
0.000	0.000	86.099	0.137
0.000	0.000	86.125	0.137
0.000	0.000	86.144	0.142
0.000	0.000	86.167	0.137
0.000	0.000	86.194	0.137
0.000	0.000	86.223	0.137
0.000	0.000	86.240	0.137
0.000	0.000	86.269	0.137
0.000	0.000	86.286	0.142
0.000	0.000	86.309	0.142
0.000	0.000	86.334	0.142
0.000	0.000	86.348	0.137
0.000	0.000	86.374	0.137
0.000	0.000	86.400	0.142
0.000	0.000	86.419	0.142
0.000	0.000	86.444	0.142
0.000	0.000	86.467	0.142
0.000	0.000	86.493	0.142
0.000	0.000	86.516	0.147
0.000	0.000	86.553	0.142
0.000	0.000	86.574	0.142
0.000	0.000	86.604	0.142
0.000	0.000	86.623	0.142
0.000	0.000	86.663	0.142
0.000	0.000	86.668	0.142
0.000	0.000	86.686	0.142
0.000	0.000	86.707	0.142
0.000	0.000	86.722	0.142
0.000	0.000	86.738	0.142
0.000	0.000	86.756	0.137
0.000	0.000	86.771	0.142
0.000	0.000	86.788	0.142
0.000	0.000	86.803	0.142
0.000	0.000	86.824	0.142
0.000	0.000	86.838	0.142
0.000	0.000	86.863	0.137
0.000	0.000	86.893	0.142
0.000	0.000	86.910	0.147
0.000	0.000	86.940	0.147
0.000	0.000	86.958	0.147
0.000	0.000	87.000	0.147
0.000	0.000	87.021	0.142
0.000	0.000	87.052	0.147
0.000	0.000	87.070	0.147
0.000	0.000	87.097	0.137
0.000	0.000	87.127	0.142
0.000	0.000	87.139	0.137
0.000	0.000	87.164	0.142
0.000	0.000	87.192	0.142
0.000	0.000	87.221	0.147
0.000	0.000	87.239	0.142
0.000	0.000	87.263	0.142
0.000	0.000	87.281	0.147
0.000	0.000	87.321	0.147
0.000	0.000	87.340	0.147
0.000	0.000	87.361	0.142
0.000	0.000	87.380	0.142
0.000	0.000	87.395	0.142
0.000	0.000	87.412	0.147
0.000	0.000	87.429	0.142
0.000	0.000	87.444	0.147
0.000	0.000	87.459	0.142
0.000	0.000	87.480	0.142
0.000	0.000	87.489	0.142
0.000	0.000	87.513	0.147
0.000	0.000	87.532	0.147
0.000	0.000	87.563	0.142
0.000	0.000	87.581	0.147
0.000	0.000	87.613	0.147
0.000	0.000	87.633	0.147
0.000	0.000	87.663	0.147
0.000	0.000	87.680	0.147
0.000	0.000	87.705	0.147
0.000	0.000	87.729	0.147
0.000	0.000	87.761	0.147
0.000	0.000	87.778	0.142
0.000	0.000	87.801	0.147
0.000	0.000	87.828	0.147
0.000	0.000	87.851	0.142
0.000	0.000	87.869	0.142
0.000	0.000	87.892	0.147
0.000	0.000	87.903	0.142
0.000	0.000	87.922	0.147
0.000	0.000	87.941	0.147
0.000	0.000	87.956	0.142
0.000	0.000	87.971	0.142
0.000	0.000	87.993	0.142
0.000	0.000	88.011	0.142
0.000	0.000	88.034	0.142
0.000	0.000	88.053	0.147
0.000	0.000	88.068	0.147
0.000	0.000	88.084	0.147
0.000	0.000	88.098	0.142
0.000	0.000	88.122	0.147
0.000	0.000	88.147	0.147
0.000	0.000	88.174	0.147
0.000	0.000	88.191	0.147
0.000	0.000	88.220	0.147
0.000	0.000	88.236	0.147
0.000	0.000	88.260	0.147
0.000	0.000	88.285	0.142
0.000	0.000	88.311	0.142
0.000	0.000	88.318	0.147
0.000	0.000	88.341	0.147
0.000	0.000	88.366	0.147
0.000	0.000	88.383	0.147
0.000	0.000	88.422	0.142
0.000	0.000	88.430	0.147
0.000	0.000	88.455	0.142
0.000	0.000	88.477	0.147
0.000	0.000	88.508	0.147
0.000	0.000	88.525	0.147
0.000	0.000	88.557	0.147
0.000	0.000	88.575	0.147
0.000	0.000	88.603	0.152
0.000	0.000	88.622	0.147
0.000	0.000	88.657	0.142
0.000	0.000	88.675	0.142
0.000	0.000	88.702	0.147
0.000	0.000	88.719	0.147
0.000	0.000	88.754	0.147
0.000	0.000	88.764	0.142
0.000	0.000	88.786	0.147
0.000	0.000	88.813	0.142
0.000	0.000	88.838	0.142
0.000	0.000	88.863	0.142
0.000	0.000	88.892	0.142
0.000	0.000	88.913	0.147
0.000	0.000	88.940	0.142
0.000	0.000	88.958	0.142
0.000	0.000	88.984	0.147
0.000	0.000	89.013	0.142
0.000	0.000	89.033	0.142
0.000	0.000	89.059	0.147
0.000	0.000	89.089	0.147
0.000	0.000	89.106	0.147
0.000	0.000	89.130	0.142
0.000	0.000	89.148	0.142
0.000	0.000	89.179	0.147
0.000	0.000	89.198	0.142
0.000	0.000	89.227	0.147
0.000	0.000	89.246	0.147
0.000	0.000	89.275	0.147
0.000	0.000	89.299	0.142
0.000	0.000	89.324	0.147
0.000	0.000	89.342	0.142
0.000	0.000	89.374	0.147
0.000	0.000	89.391	0.147
0.000	0.000	89.424	0.147
0.000	0.000	89.443	0.147
0.000	0.000	89.467	0.142
0.000	0.000	89.486	0.147
0.000	0.000	89.515	0.147
0.000	0.000	89.533	0.142
0.000	0.000	89.556	0.142
0.000	0.000	89.581	0.142
0.000	0.000	89.599	0.142
0.000	0.000	89.627	0.142
0.000	0.000	89.645	0.142
0.000	0.000	89.676	0.147
0.000	0.000	89.694	0.147
0.000	0.000	89.723	0.147
0.000	0.000	89.741	0.152
0.000	0.000	89.770	0.147
0.000	0.000	89.795	0.142
0.000	0.000	89.821	0.142
0.000	0.000	89.838	0.147
0.000	0.000	89.880	0.142
0.000	0.000	89.900	0.147
0.000	0.000	89.931	0.142
0.000	0.000	89.950	0.142
0.000	0.000	89.980	0.147
0.000	0.000	90.000	0.147
0.000	0.000	90.042	0.142
0.000	0.000	90.061	0.142
0.000	0.000	90.092	0.142
0.000	0.000	90.109	0.142
0.000	0.000	90.149	0.147
0.000	0.000	90.155	0.142
0.000	0.000	90.184	0.147
0.000	0.000	90.203	0.142
0.000	0.000	90.234	0.147
0.000	0.000	90.256	0.142
0.000	0.000	90.286	0.142
0.000	0.000	90.304	0.142
0.000	0.000	90.332	0.137
0.000	0.000	90.350	0.147
0.000	0.000	90.387	0.142
0.000	0.000	90.395	0.142
0.000	0.000	90.419	0.142
0.000	0.000	90.443	0.142
0.000	0.000	90.467	0.142
0.000	0.000	90.490	0.142
0.000	0.000	90.508	0.147
0.000	0.000	90.538	0.142
0.000	0.000	90.557	0.142
0.000	0.000	90.598	0.142
0.000	0.000	90.619	0.142
0.000	0.000	90.650	0.137
0.000	0.000	90.673	0.142
0.000	0.000	90.708	0.142
0.000	0.000	90.715	0.142
0.000	0.000	90.739	0.142
0.000	0.000	90.763	0.142
0.000	0.000	90.779	0.142
0.000	0.000	90.803	0.142
0.000	0.000	90.821	0.142
0.000	0.000	90.840	0.142
0.000	0.000	90.860	0.137
0.000	0.000	90.888	0.142
0.000	0.000	90.916	0.147
0.000	0.000	90.941	0.142
0.000	0.000	90.958	0.142
0.000	0.000	90.987	0.142
0.000	0.000	91.004	0.147
0.000	0.000	91.030	0.142
0.000	0.000	91.061	0.137
0.000	0.000	91.074	0.137
0.000	0.000	91.099	0.142
0.000	0.000	91.123	0.142
0.000	0.000	91.149	0.142
0.000	0.000	91.178	0.137
0.000	0.000	91.198	0.142
0.000	0.000	91.227	0.137
0.000	0.000	91.246	0.142
0.000	0.000	91.275	0.142
0.000	0.000	91.293	0.142
0.000	0.000	91.318	0.142
0.000	0.000	91.343	0.137
0.000	0.000	91.370	0.137
0.000	0.000	91.400	0.142
0.000	0.000	91.419	0.137
0.000	0.000	91.450	0.137
0.000	0.000	91.469	0.142
0.000	0.000	91.500	0.137
0.000	0.000	91.518	0.142
0.000	0.000	91.547	0.142
0.000	0.000	91.563	0.142
0.000	0.000	91.586	0.142
0.000	0.000	91.612	0.142
0.000	0.000	91.626	0.147
0.000	0.000	91.651	0.147
0.000	0.000	91.677	0.142
0.000	0.000	91.694	0.142
0.000	0.000	91.723	0.142
0.000	0.000	91.741	0.142
0.000	0.000	91.770	0.142
0.000	0.000	91.787	0.142
0.000	0.000	91.830	0.142
0.000	0.000	91.835	0.142
0.000	0.000	91.860	0.142
0.000	0.000	91.886	0.142
0.000	0.000	91.904	0.142
0.000	0.000	91.937	0.147
0.000	0.000	91.947	0.142
0.000	0.000	91.970	0.147
0.000	0.000	92.004	0.147
0.000	0.000	92.031	0.142
0.000	0.000	92.061	0.142
0.000	0.000	92.081	0.147
0.000	0.000	92.106	0.147
0.000	0.000	92.125	0.142
0.000	0.000	92.168	0.147
0.000	0.000	92.187	0.147
0.000	0.000	92.218	0.147
0.000	0.000	92.235	0.142
0.000	0.000	92.272	0.147
0.000	0.000	92.286	0.137
0.000	0.000	92.307	0.142
0.000	0.000	92.334	0.142
0.000	0.000	92.350	0.142
0.000	0.000	92.389	0.142
0.000	0.000	92.395	0.147
0.000	0.000	92.422	0.147
0.000	0.000	92.443	0.142
0.000	0.000	92.487	0.147
0.000	0.000	92.507	0.142
0.000	0.000	92.539	0.142
0.000	0.000	92.556	0.147
0.000	0.000	92.591	0.147
0.000	0.000	92.602	0.137
0.000	0.000	92.625	0.142
0.000	0.000	92.651	0.142
0.000	0.000	92.675	0.147
0.000	0.000	92.701	0.142
0.000	0.000	92.731	0.142
0.000	0.000	92.751	0.142
0.000	0.000	92.777	0.147
0.000	0.000	92.796	0.142
0.000	0.000	92.832	0.142
0.000	0.000	92.843	0.142
0.000	0.000	92.865	0.147
0.000	0.000	92.890	0.147
0.000	0.000	92.918	0.142
0.000	0.000	92.948	0.147
0.000	0.000	92.966	0.142
0.000	0.000	92.992	0.142
0.000	0.000	93.018	0.147
0.000	0.000	93.036	0.147
0.000	0.000	93.068	0.147
0.000	0.000	93.086	0.147
0.000	0.000	93.114	0.147
0.000	0.000	93.131	0.142
0.000	0.000	93.167	0.142
0.000	0.000	93.178	0.142
0.000	0.000	93.201	0.142
0.000	0.000	93.226	0.142
0.000	0.000	93.250	0.147
0.000	0.000	93.259	0.142
0.000	0.000	93.283	0.147
0.000	0.000	93.294	0.142
0.000	0.000	93.319	0.147
0.000	0.000	93.346	0.147
0.000	0.000	93.371	0.142
0.000	0.000	93.400	0.142
0.000	0.000	93.421	0.142
0.000	0.000	93.449	0.142
0.000	0.000	93.472	0.147
0.000	0.000	93.497	0.142
0.000	0.000	93.521	0.142
0.000	0.000	93.547	0.147
0.000	0.000	93.566	0.147
0.000	0.000	93.599	0.142
0.000	0.000	93.618	0.142
0.000	0.000	93.644	0.142
0.000	0.000	93.661	0.142
0.000	0.000	93.690	0.142
0.000	0.000	93.708	0.142
0.000	0.000	93.738	0.142
0.000	0.000	93.755	0.142
0.000	0.000	93.783	0.147
0.000	0.000	93.802	0.142
0.000	0.000	93.846	0.147
0.000	0.000	93.867	0.142
0.000	0.000	93.898	0.147
0.000	0.000	93.917	0.142
0.000	0.000	93.947	0.142
0.000	0.000	93.965	0.147
0.000	0.000	94.005	0.142
0.000	0.000	94.015	0.147
0.000	0.000	94.041	0.142
0.000	0.000	94.070	0.147
0.000	0.000	94.090	0.142
0.000	0.000	94.122	0.147
0.000	0.000	94.155	0.147
0.000	0.000	94.178	0.147
0.000	0.000	94.202	0.147
0.000	0.000	94.225	0.142
0.000	0.000	94.264	0.147
0.000	0.000	94.283	0.142
0.000	0.000	94.315	0.147
0.000	0.000	94.334	0.147
0.000	0.000	94.367	0.147
0.000	0.000	94.384	0.147
0.000	0.000	94.408	0.147
0.000	0.000	94.427	0.147
0.000	0.000	94.456	0.142
0.000	0.000	94.474	0.147
0.000	0.000	94.498	0.142
0.000	0.000	94.514	0.152
0.000	0.000	94.529	0.147
0.000	0.000	94.544	0.147
0.000	0.000	94.564	0.147
0.000	0.000	94.578	0.147
0.000	0.000	94.587	0.147
0.000	0.000	94.609	0.147
0.000	0.000	94.626	0.142
0.000	0.000	94.640	0.142
0.000	0.000	94.657	0.147
0.000	0.000	94.673	0.142
0.000	0.000	94.689	0.147
0.000	0.000	94.704	0.147
0.000	0.000	94.720	0.142
0.000	0.000	94.737	0.142
0.000	0.000	94.753	0.147
0.000	0.000	94.767	0.152
0.000	0.000	94.785	0.147
0.000	0.000	94.822	0.147
0.000	0.000	94.843	0.147
0.000	0.000	94.873	0.142
0.000	0.000	94.898	0.147
0.000	0.000	94.936	0.142
0.000	0.000	94.954	0.147
0.000	0.000	94.986	0.147
0.000	0.000	95.003	0.152
0.000	0.000	95.038	0.147
0.000	0.000	95.058	0.147
0.000	0.000	95.082	0.147
0.000	0.000	95.099	0.147
0.000	0.000	95.130	0.147
0.000	0.000	95.148	0.147
0.000	0.000	95.177	0.142
0.000	0.000	95.196	0.152
0.000	0.000	95.225	0.152
0.000	0.000	95.244	0.152
0.000	0.000	95.278	0.152
0.000	0.000	95.296	0.147
0.000	0.000	95.322	0.147
0.000	0.000	95.340	0.147
0.000	0.000	95.366	0.152
0.000	0.000	95.397	0.152
0.000	0.000	95.419	0.147
0.000	0.000	95.450	0.147
0.000	0.000	95.467	0.147
0.000	0.000	95.510	0.147
0.000	0.000	95.530	0.147
0.000	0.000	95.561	0.152
0.000	0.000	95.579	0.147
0.000	0.000	95.616	0.152
0.000	0.000	95.625	0.152
0.000	0.000	95.648	0.152
0.000	0.000	95.674	0.152
0.000	0.000	95.693	0.152
0.000	0.000	95.721	0.152
0.000	0.000	95.738	0.152
0.000	0.000	95.763	0.152
0.000	0.000	95.787	0.152
0.000	0.000	95.813	0.152
0.000	0.000	95.843	0.147
0.000	0.000	95.853	0.152
0.000	0.000	95.879	0.152
0.000	0.000	95.906	0.147
0.000	0.000	95.932	0.152
0.000	0.000	95.961	0.152
0.000	0.000	95.981	0.152
0.000	0.000	96.013	0.157
0.000	0.000	96.030	0.152
0.000	0.000	96.059	0.152
0.000	0.000	96.076	0.152
0.000	0.000	96.103	0.152
0.000	0.000	96.128	0.152
0.000	0.000	96.165	0.152
0.000	0.000	96.185	0.152
0.000	0.000	96.215	0.147
0.000	0.000	96.233	0.147
0.000	0.000	96.270	0.152
0.000	0.000	96.281	0.152
0.000	0.000	96.305	0.152
0.000	0.000	96.330	0.152
0.000	0.000	96.354	0.152
0.000	0.000	96.378	0.152
0.000	0.000	96.407	0.152
0.000	0.000	96.426	0.157
0.000	0.000	96.455	0.157
0.000	0.000	96.475	0.152
0.000	0.000	96.507	0.152
0.000	0.000	96.525	0.152
0.000	0.000	96.550	0.152
0.000	0.000	96.574	0.152
0.000	0.000	96.604	0.152
0.000	0.000	96.629	0.152
0.000	0.000	96.650	0.152
0.000	0.000	96.679	0.152
0.000	0.000	96.704	0.152
0.000	0.000	96.728	0.152
0.000	0.000	96.752	0.152
0.000	0.000	96.775	0.147
0.000	0.000	96.799	0.157
0.000	0.000	96.832	0.152
0.000	0.000	96.841	0.152
0.000	0.000	96.858	0.152
0.000	0.000	96.882	0.152
0.000	0.000	96.896	0.152
0.000	0.000	96.915	0.152
0.000	0.000	96.925	0.157
0.000	0.000	96.941	0.152
0.000	0.000	96.961	0.152
0.000	0.000	96.976	0.152
0.000	0.000	96.994	0.152
0.000	0.000	97.001	0.152
0.000	0.000	97.018	0.152
0.000	0.000	97.044	0.152
0.000	0.000	97.064	0.152
0.000	0.000	97.094	0.157
0.000	0.000	97.118	0.152
0.000	0.000	97.152	0.152
0.000	0.000	97.161	0.157
0.000	0.000	97.184	0.152
0.000	0.000	97.209	0.152
0.000	0.000	97.227	0.152
0.000	0.000	97.267	0.152
0.000	0.000	97.290	0.152
0.000	0.000	97.321	0.152
0.000	0.000	97.340	0.152
0.000	0.000	97.372	0.157
0.000	0.000	97.390	0.152
0.000	0.000	97.416	0.152
0.000	0.000	97.435	0.152
0.000	0.000	97.460	0.152
0.000	0.000	97.485	0.152
0.000	0.000	97.515	0.152
0.000	0.000	97.532	0.157
0.000	0.000	97.560	0.152
0.000	0.000	97.579	0.157
0.000	0.000	97.615	0.157
0.000	0.000	97.625	0.152
0.000	0.000	97.647	0.152
0.000	0.000	97.675	0.152
0.000	0.000	97.693	0.152
0.000	0.000	97.731	0.157
0.000	0.000	97.752	0.157
0.000	0.000	97.783	0.157
0.000	0.000	97.808	0.152
0.000	0.000	97.831	0.157
0.000	0.000	97.857	0.152
0.000	0.000	97.881	0.152
0.000	0.000	97.898	0.152
0.000	0.000	97.940	0.152
0.000	0.000	97.960	0.157
0.000	0.000	98.002	0.152
0.000	0.000	98.020	0.152
0.000	0.000	98.046	0.152
0.000	0.000	98.075	0.147
0.000	0.000	98.094	0.157
0.000	0.000	98.121	0.152
0.000	0.000	98.139	0.152
0.000	0.000	98.167	0.157
0.000	0.000	98.198	0.152
0.000	0.000	98.218	0.152
0.000	0.000	98.249	0.152
0.000	0.000	98.267	0.152
0.000	0.000	98.294	0.152
0.000	0.000	98.314	0.152
0.000	0.000	98.334	0.152
0.000	0.000	98.351	0.152
0.000	0.000	98.366	0.157
0.000	0.000	98.381	0.152
0.000	0.000	98.397	0.152
0.000	0.000	98.416	0.157
0.000	0.000	98.432	0.152
0.000	0.000	98.447	0.147
0.000	0.000	98.463	0.157
0.000	0.000	98.481	0.152
0.000	0.000	98.492	0.152
0.000	0.000	98.512	0.157
0.000	0.000	98.527	0.157
0.000	0.000	98.545	0.157
0.000	0.000	98.568	0.157
0.000	0.000	98.585	0.157
0.000	0.000	98.611	0.152
0.000	0.000	98.617	0.152
0.000	0.000	98.643	0.157
0.000	0.000	98.667	0.157
0.000	0.000	98.695	0.157
0.000	0.000	98.714	0.152
0.000	0.000	98.742	0.157
0.000	0.000	98.762	0.152
0.000	0.000	98.792	0.152
0.000	0.000	98.811	0.152
0.000	0.000	98.838	0.157
0.000	0.000	98.862	0.157
0.000	0.000	98.888	0.162
0.000	0.000	98.906	0.157
0.000	0.000	98.944	0.157
0.000	0.000	98.954	0.157
0.000	0.000	98.977	0.157
0.000	0.000	99.003	0.157
0.000	0.000	99.027	0.162
0.000	0.000	99.055	0.152
0.000	0.000	99.082	0.152
0.000	0.000	99.099	0.152
0.000	0.000	99.128	0.152
0.000	0.000	99.145	0.157
0.000	0.000	99.177	0.152
0.000	0.000	99.195	0.152
0.000	0.000	99.224	0.152
0.000	0.000	99.243	0.152
0.000	0.000	99.282	0.157
0.000	0.000	99.305	0.152
0.000	0.000	99.338	0.162
0.000	0.000	99.353	0.157
0.000	0.000	99.385	0.157
0.000	0.000	99.404	0.157
0.000	0.000	99.432	0.157
0.000	0.000	99.449	0.157
0.000	0.000	99.494	0.152
0.000	0.000	99.511	0.157
0.000	0.000	99.542	0.157
0.000	0.000	99.560	0.152
0.000	0.000	99.584	0.157
0.000	0.000	99.611	0.157
0.000	0.000	99.640	0.157
0.000	0.000	99.658	0.157
0.000	0.000	99.688	0.157
0.000	0.000	99.706	0.157
0.000	0.000	99.739	0.157
0.000	0.000	99.758	0.157
0.000	0.000	99.783	0.157
0.000	0.000	99.809	0.157
0.000	0.000	99.825	0.152
0.000	0.000	99.848	0.152
0.000	0.000	99.873	0.152
0.000	0.000	99.896	0.152
0.000	0.000	99.944	0.152
0.000	0.000	99.963	0.157
0.000	0.000	100.001	0.152
0.000	0.000	100.012	0.157
0.000	0.000	100.050	0.157
0.000	0.000	100.055	0.152
0.000	0.000	100.079	0.152
0.000	0.000	100.099	0.157
0.000	0.000	100.124	0.152
0.000	0.000	100.157	0.152
0.000	0.000	100.167	0.152
0.000	0.000	100.192	0.152
0.000	0.000	100.209	0.152
0.000	0.000	100.224	0.152
0.000	0.000	100.248	0.147
0.000	0.000	100.273	0.152
0.000	0.000	100.295	0.157
0.000	0.000	100.320	0.152
0.000	0.000	100.344	0.157
0.000	0.000	100.360	0.152
0.000	0.000	100.376	0.152
0.000	0.000	100.397	0.147
0.000	0.000	100.410	0.157
0.000	0.000	100.430	0.152
0.000	0.000	100.447	0.157
0.000	0.000	100.463	0.152
0.000	0.000	100.479	0.152
0.000	0.000	100.489	0.152
0.000	0.000	100.510	0.157
0.000	0.000	100.528	0.152
0.000	0.000	100.552	0.162
0.000	0.000	100.571	0.157
0.000	0.000	100.605	0.152
0.000	0.000	100.623	0.152
0.000	0.000	100.647	0.157
0.000	0.000	100.665	0.152
0.000	0.000	100.697	0.152
0.000	0.000	100.715	0.152
0.000	0.000	100.743	0.152
0.000	0.000	100.761	0.152
0.000	0.000	100.791	0.152
0.000	0.000	100.810	0.152
0.000	0.000	100.839	0.152
0.000	0.000	100.857	0.157
0.000	0.000	100.885	0.157
0.000	0.000	100.904	0.152
0.000	0.000	100.943	0.157
0.000	0.000	100.952	0.157
0.000	0.000	100.977	0.157
0.000	0.000	100.987	0.157
0.000	0.000	101.011	0.157
0.000	0.000	101.048	0.152
0.000	0.000	101.071	0.152
0.000	0.000	101.094	0.157
0.000	0.000	101.114	0.162
0.000	0.000	101.142	0.157
0.000	0.000	101.160	0.152
0.000	0.000	101.193	0.157
0.000	0.000	101.210	0.152
0.000	0.000	101.240	0.152
0.000	0.000	101.258	0.152
0.000	0.000	101.288	0.147
0.000	0.000	101.308	0.157
0.000	0.000	101.335	0.152
0.000	0.000	101.353	0.152
0.000	0.000	101.389	0.157
0.000	0.000	101.398	0.152
0.000	0.000	101.423	0.152
0.000	0.000	101.441	0.157
0.000	0.000	101.457	0.157
0.000	0.000	101.485	0.147
0.000	0.000	101.514	0.152
0.000	0.000	101.531	0.152
0.000	0.000	101.559	0.157
0.000	0.000	101.576	0.152
0.000	0.000	101.620	0.162
0.000	0.000	101.639	0.162
0.000	0.000	101.671	0.157
0.000	0.000	101.691	0.157
0.000	0.000	101.729	0.157
0.000	0.000	101.736	0.157
0.000	0.000	101.753	0.162
0.000	0.000	101.774	0.157
0.000	0.000	101.790	0.157
0.000	0.000	101.806	0.162
0.000	0.000	101.823	0.157
0.000	0.000	101.842	0.157
0.000	0.000	101.853	0.157
0.000	0.000	101.868	0.157
0.000	0.000	101.882	0.157
0.000	0.000	101.897	0.162
0.000	0.000	101.911	0.157
0.000	0.000	101.928	0.152
0.000	0.000	101.951	0.157
0.000	0.000	101.962	0.152
0.000	0.000	101.987	0.157
0.000	0.000	102.007	0.157
0.000	0.000	102.030	0.162
0.000	0.000	102.047	0.162
0.000	0.000	102.063	0.157
0.000	0.000	102.078	0.162
0.000	0.000	102.101	0.162
0.000	0.000	102.123	0.162
0.000	0.000	102.141	0.157
0.000	0.000	102.179	0.157
0.000	0.000	102.198	0.157
0.000	0.000	102.227	0.162
0.000	0.000	102.253	0.162
0.000	0.000	102.283	0.162
0.000	0.000	102.302	0.162
0.000	0.000	102.328	0.157
0.000	0.000	102.346	0.157
0.000	0.000	102.380	0.157
0.000	0.000	102.390	0.162
0.000	0.000	102.414	0.162
0.000	0.000	102.440	0.162
0.000	0.000	102.463	0.162
0.000	0.000	102.489	0.167
0.000	0.000	102.518	0.167
0.000	0.000	102.537	0.171
0.000	0.000	102.566	0.167
0.000	0.000	102.584	0.167
0.000	0.000	102.622	0.167
0.000	0.000	102.631	0.167
0.000	0.000	102.655	0.162
0.000	0.000	102.680	0.162
0.000	0.000	102.699	0.167
0.000	0.000	102.732	0.167
0.000	0.000	102.749	0.167
0.000	0.000	102.774	0.162
0.000	0.000	102.797	0.162
0.000	0.000	102.829	0.162
0.000	0.000	102.839	0.157
0.000	0.000	102.864	0.162
0.000	0.000	102.882	0.171
0.000	0.000	102.907	0.167
0.000	0.000	102.952	0.167
0.000	0.000	102.967	0.167
0.000	0.000	102.989	0.167
0.000	0.000	103.005	0.162
0.000	0.000	103.022	0.167
0.000	0.000	103.038	0.162
0.000	0.000	103.055	0.162
0.000	0.000	103.071	0.157
0.000	0.000	103.086	0.162
0.000	0.000	103.103	0.157
0.000	0.000	103.120	0.157
0.000	0.000	103.130	0.162
0.000	0.000	103.145	0.157
0.000	0.000	103.163	0.162
0.000	0.000	103.185	0.167
0.000	0.000	103.207	0.162
0.000	0.000	103.239	0.162
0.000	0.000	103.258	0.162
0.000	0.000	103.286	0.167
0.000	0.000	103.310	0.167
0.000	0.000	103.335	0.171
0.000	0.000	103.353	0.167
0.000	0.000	103.390	0.176
0.000	0.000	103.399	0.176
0.000	0.000	103.423	0.176
0.000	0.000	103.440	0.181
0.000	0.000	103.463	0.176
0.000	0.000	103.481	0.181
0.000	0.000	103.510	0.181
0.000	0.000	103.527	0.176
0.000	0.000	103.559	0.176
0.000	0.000	103.577	0.181
0.000	0.000	103.604	0.181
0.000	0.000	103.638	0.176
0.000	0.000	103.657	0.176
0.000	0.000	103.685	0.176
0.000	0.000	103.702	0.171
0.000	0.000	103.728	0.181
0.000	0.000	103.758	0.176
0.000	0.000	103.777	0.171
0.000	0.000	103.805	0.176
0.000	0.000	103.836	0.181
0.000	0.000	103.846	0.176
0.000	0.000	103.871	0.186
0.000	0.000	103.896	0.181
0.000	0.000	103.913	0.196
0.000	0.000	103.950	0.196
0.000	0.000	103.959	0.206
0.000	0.000	103.983	0.206
0.000	0.000	104.016	0.206
0.000	0.000	104.025	0.211
0.000	0.000	104.051	0.211
0.000	0.000	104.080	0.206
0.000	0.000	104.092	0.206
0.000	0.000	104.118	0.206
0.000	0.000	104.142	0.211
0.000	0.000	104.168	0.211
0.000	0.000	104.199	0.206
0.000	0.000	104.218	0.206
0.000	0.000	104.249	0.216
0.000	0.000	104.267	0.221
0.000	0.000	104.297	0.216
0.000	0.000	104.310	0.225
0.000	0.000	104.341	0.225
0.000	0.000	104.359	0.230
0.000	0.000	104.394	0.235
0.000	0.000	104.411	0.240
0.000	0.000	104.437	0.250
1.000	0.000	104.456	0.265
1.000	0.000	104.483	0.255
1.000	0.000	104.511	0.260
1.000	0.000	104.519	0.260
1.000	0.000	104.544	0.255
1.000	0.000	104.555	0.255
0.000	0.000	104.581	0.250
1.000	0.000	104.600	0.255
1.000	0.000	104.630	0.265
1.000	0.000	104.649	0.260
0.000	0.000	104.677	0.250
0.000	0.000	104.695	0.250
0.000	0.000	104.721	0.250
0.000	0.000	104.743	0.250
0.000	0.000	104.764	0.250
0.000	0.000	104.781	0.245
0.000	0.000	104.797	0.250
0.000	0.000	104.815	0.250
0.000	0.000	104.830	0.245
0.000	0.000	104.844	0.245
0.000	0.000	104.860	0.240
0.000	0.000	104.877	0.235
0.000	0.000	104.892	0.235
0.000	0.000	104.910	0.235
0.000	0.000	104.925	0.230
0.000	0.000	104.945	0.230
0.000	0.000	104.967	0.225
0.000	0.000	104.990	0.230
0.000	0.000	105.005	0.225
0.000	0.000	105.031	0.225
0.000	0.000	105.057	0.225
0.000	0.000	105.088	0.221
0.000	0.000	105.108	0.216
0.000	0.000	105.140	0.216
0.000	0.000	105.159	0.211
0.000	0.000	105.191	0.216
0.000	0.000	105.208	0.216
0.000	0.000	105.237	0.211
0.000	0.000	105.254	0.206
0.000	0.000	105.282	0.201
0.000	0.000	105.313	0.201
0.000	0.000	105.334	0.201
0.000	0.000	105.365	0.191
0.000	0.000	105.384	0.196
0.000	0.000	105.416	0.191
0.000	0.000	105.434	0.196
0.000	0.000	105.460	0.196
0.000	0.000	105.480	0.191
0.000	0.000	105.506	0.201
0.000	0.000	105.532	0.196
0.000	0.000	105.557	0.196
0.000	0.000	105.574	0.196
0.000	0.000	105.617	0.196
0.000	0.000	105.638	0.191
0.000	0.000	105.668	0.186
0.000	0.000	105.687	0.191
0.000	0.000	105.715	0.186
0.000	0.000	105.746	0.176
0.000	0.000	105.766	0.181
0.000	0.000	105.796	0.176
0.000	0.000	105.816	0.181
0.000	0.000	105.845	0.176
0.000	0.000	105.866	0.176
0.000	0.000	105.894	0.171
0.000	0.000	105.909	0.167
0.000	0.000	105.935	0.167
0.000	0.000	105.961	0.167
0.000	0.000	105.972	0.167
0.000	0.000	106.010	0.167
0.000	0.000	106.030	0.167
0.000	0.000	106.058	0.167
0.000	0.000	106.068	0.167
0.000	0.000	106.091	0.167
0.000	0.000	106.119	0.167
0.000	0.000	106.136	0.167
0.000	0.000	106.176	0.167
0.000	0.000	106.200	0.162
0.000	0.000	106.233	0.162
0.000	0.000	106.252	0.162
0.000	0.000	106.286	0.162
0.000	0.000	106.296	0.162
0.000	0.000	106.322	0.162
0.000	0.000	106.351	0.162
0.000	0.000	106.380	0.162
0.000	0.000	106.388	0.162
0.000	0.000	106.405	0.157
0.000	0.000	106.427	0.162
0.000	0.000	106.443	0.157
0.000	0.000	106.459	0.157
0.000	0.000	106.475	0.157
0.000	0.000	106.491	0.162
0.000	0.000	106.506	0.157
0.000	0.000	106.522	0.157
0.000	0.000	106.539	0.152
0.000	0.000	106.557	0.157
0.000	0.000	106.572	0.152
0.000	0.000	106.590	0.157
0.000	0.000	106.598	0.157
0.000	0.000	106.615	0.157
0.000	0.000	106.638	0.162
0.000	0.000	106.649	0.167
0.000	0.000	106.676	0.157
0.000	0.000	106.695	0.157
0.000	0.000	106.730	0.157
0.000	0.000	106.740	0.157
0.000	0.000	106.765	0.157
0.000	0.000	106.790	0.157
0.000	0.000	106.808	0.157
0.000	0.000	106.842	0.157
0.000	0.000	106.859	0.157
0.000	0.000	106.885	0.162
0.000	0.000	106.903	0.162
0.000	0.000	106.945	0.157
0.000	0.000	106.964	0.152
0.000	0.000	106.995	0.157
0.000	0.000	107.020	0.162
0.000	0.000	107.052	0.162
0.000	0.000	107.062	0.167
0.000	0.000	107.085	0.167
0.000	0.000	107.096	0.167
0.000	0.000	107.121	0.162
0.000	0.000	107.146	0.157
0.000	0.000	107.172	0.167
0.000	0.000	107.202	0.171
0.000	0.000	107.223	0.171
0.000	0.000	107.253	0.167
0.000	0.000	107.271	0.162
0.000	0.000	107.301	0.152
0.000	0.000	107.320	0.157
0.000	0.000	107.349	0.157
0.000	0.000	107.366	0.157
0.000	0.000	107.389	0.157
0.000	0.000	107.398	0.152
0.000	0.000	107.420	0.157
0.000	0.000	107.435	0.157
0.000	0.000	107.452	0.157
0.000	0.000	107.467	0.157
0.000	0.000	107.483	0.152
0.000	0.000	107.499	0.152
0.000	0.000	107.517	0.152
0.000	0.000	107.532	0.157
0.000	0.000	107.546	0.157
0.000	0.000	107.565	0.152
0.000	0.000	107.582	0.147
0.000	0.000	107.601	0.147
0.000	0.000	107.632	0.137
0.000	0.000	107.653	0.147
0.000	0.000	107.685	0.147
0.000	0.000	107.703	0.147
0.000	0.000	107.731	0.147
0.000	0.000	107.749	0.147
0.000	0.000	107.773	0.142
0.000	0.000	107.797	0.147
0.000	0.000	107.825	0.147
0.000	0.000	107.856	0.147
0.000	0.000	107.878	0.147
0.000	0.000	107.909	0.147
0.000	0.000	107.927	0.152
0.000	0.000	107.959	0.152
0.000	0.000	107.972	0.152
0.000	0.000	108.007	0.157
0.000	0.000	108.026	0.157
0.000	0.000	108.058	0.157
0.000	0.000	108.068	0.157
0.000	0.000	108.091	0.162
0.000	0.000	108.117	0.162
0.000	0.000	108.137	0.157
0.000	0.000	108.176	0.152
0.000	0.000	108.195	0.157
0.000	0.000	108.219	0.157
0.000	0.000	108.235	0.162
0.000	0.000	108.252	0.152
0.000	0.000	108.268	0.152
0.000	0.000	108.284	0.162
0.000	0.000	108.299	0.162
0.000	0.000	108.317	0.157
0.000	0.000	108.332	0.152
0.000	0.000	108.349	0.157
0.000	0.000	108.365	0.152
0.000	0.000	108.380	0.157
0.000	0.000	108.396	0.157
0.000	0.000	108.411	0.152
0.000	0.000	108.426	0.157
0.000	0.000	108.444	0.157
0.000	0.000	108.459	0.157
0.000	0.000	108.476	0.157
0.000	0.000	108.491	0.157
0.000	0.000	108.507	0.157
0.000	0.000	108.523	0.162
0.000	0.000	108.540	0.162
0.000	0.000	108.556	0.157
0.000	0.000	108.572	0.152
0.000	0.000	108.587	0.162
0.000	0.000	108.604	0.157
0.000	0.000	108.620	0.162
0.000	0.000	108.636	0.157
0.000	0.000	108.652	0.162
0.000	0.000	108.668	0.162
0.000	0.000	108.684	0.167
0.000	0.000	108.700	0.162
0.000	0.000	108.716	0.162
0.000	0.000	108.731	0.167
0.000	0.000	108.746	0.167
0.000	0.000	108.762	0.167
0.000	0.000	108.778	0.167
0.000	0.000	108.794	0.171
0.000	0.000	108.812	0.176
0.000	0.000	108.828	0.176
0.000	0.000	108.844	0.176
0.000	0.000	108.859	0.176
0.000	0.000	108.876	0.176
0.000	0.000	108.892	0.176
0.000	0.000	108.908	0.176
0.000	0.000	108.924	0.176
0.000	0.000	108.939	0.171
0.000	0.000	108.956	0.171
0.000	0.000	108.972	0.176
0.000	0.000	108.986	0.181
0.000	0.000	109.004	0.176
0.000	0.000	109.021	0.176
0.000	0.000	109.029	0.176
0.000	0.000	109.044	0.176
0.000	0.000	109.067	0.176
0.000	0.000	109.087	0.176
0.000	0.000	109.112	0.176
0.000	0.000	109.138	0.176
0.000	0.000	109.157	0.171
0.000	0.000	109.189	0.176
0.000	0.000	109.207	0.171
0.000	0.000	109.235	0.167
0.000	0.000	109.253	0.171
0.000	0.000	109.298	0.167
0.000	0.000	109.317	0.171
0.000	0.000	109.348	0.167
0.000	0.000	109.375	0.171
0.000	0.000	109.407	0.171
0.000	0.000	109.429	0.167
0.000	0.000	109.451	0.167
0.000	0.000	109.472	0.167
0.000	0.000	109.492	0.167
0.000	0.000	109.516	0.167
0.000	0.000	109.532	0.167
0.000	0.000	109.548	0.167
0.000	0.000	109.563	0.167
0.000	0.000	109.580	0.171
0.000	0.000	109.594	0.171
0.000	0.000	109.611	0.171
0.000	0.000	109.627	0.167
0.000	0.000	109.643	0.171
0.000	0.000	109.658	0.171
0.000	0.000	109.674	0.167
0.000	0.000	109.691	0.162
0.000	0.000	109.708	0.167
0.000	0.000	109.732	0.167
0.000	0.000	109.748	0.167
0.000	0.000	109.774	0.167
0.000	0.000	109.803	0.167
0.000	0.000	109.836	0.167
0.000	0.000	109.844	0.167
0.000	0.000	109.870	0.167
0.000	0.000	109.892	0.167
0.000	0.000	109.944	0.167
0.000	0.000	109.965	0.167
0.000	0.000	109.992	0.167
0.000	0.000	110.005	0.171
0.000	0.000	110.022	0.167
0.000	0.000	110.042	0.167
0.000	0.000	110.054	0.162
0.000	0.000	110.078	0.162
0.000	0.000	110.104	0.162
0.000	0.000	110.130	0.167
0.000	0.000	110.154	0.171
0.000	0.000	110.180	0.171
0.000	0.000	110.195	0.171
0.000	0.000	110.219	0.171
0.000	0.000	110.229	0.167
0.000	0.000	110.254	0.171
0.000	0.000	110.283	0.167
0.000	0.000	110.291	0.171
0.000	0.000	110.317	0.167
0.000	0.000	110.329	0.171
0.000	0.000	110.354	0.171
0.000	0.000	110.382	0.171
0.000	0.000	110.412	0.176
0.000	0.000	110.424	0.181
0.000	0.000	110.447	0.171
0.000	0.000	110.473	0.171
0.000	0.000	110.499	0.171
0.000	0.000	110.529	0.167
0.000	0.000	110.548	0.167
0.000	0.000	110.578	0.171
0.000	0.000	110.602	0.171
0.000	0.000	110.628	0.176
0.000	0.000	110.647	0.171
0.000	0.000	110.676	0.176
0.000	0.000	110.695	0.181
0.000	0.000	110.730	0.181
0.000	0.000	110.741	0.176
0.000	0.000	110.765	0.176
0.000	0.000	110.789	0.181
0.000	0.000	110.814	0.181
0.000	0.000	110.841	0.186
0.000	0.000	110.869	0.186
0.000	0.000	110.888	0.186
0.000	0.000	110.913	0.181
0.000	0.000	110.933	0.181
0.000	0.000	110.965	0.181
0.000	0.000	110.982	0.181
0.000	0.000	111.010	0.181
0.000	0.000	111.028	0.181
0.000	0.000	111.065	0.186
0.000	0.000	111.082	0.176
0.000	0.000	111.108	0.181
0.000	0.000	111.127	0.186
0.000	0.000	111.164	0.176
0.000	0.000	111.172	0.176
0.000	0.000	111.198	0.176
0.000	0.000	111.220	0.181
0.000	0.000	111.251	0.181
0.000	0.000	111.268	0.176
0.000	0.000	111.298	0.181
0.000	0.000	111.316	0.176
0.000	0.000	111.343	0.171
0.000	0.000	111.368	0.176
0.000	0.000	111.397	0.171
0.000	0.000	111.416	0.176
0.000	0.000	111.444	0.181
0.000	0.000	111.462	0.181
0.000	0.000	111.498	0.186
0.000	0.000	111.507	0.191
0.000	0.000	111.531	0.196
0.000	0.000	111.559	0.196
0.000	0.000	111.571	0.206
0.000	0.000	111.606	0.206
0.000	0.000	111.625	0.211
0.000	0.000	111.648	0.216
0.000	0.000	111.668	0.211
0.000	0.000	111.697	0.230
0.000	0.000	111.715	0.230
0.000	0.000	111.747	0.230
0.000	0.000	111.765	0.230
0.000	0.000	111.793	0.225
0.000	0.000	111.819	0.221
0.000	0.000	111.843	0.216
0.000	0.000	111.861	0.206
0.000	0.000	111.893	0.211
0.000	0.000	111.912	0.201
0.000	0.000	111.946	0.206
0.000	0.000	111.956	0.206
0.000	0.000	111.984	0.206
0.000	0.000	112.015	0.201
0.000	0.000	112.061	0.201
0.000	0.000	112.083	0.201
0.000	0.000	112.113	0.201
0.000	0.000	112.132	0.206
0.000	0.000	112.160	0.201
0.000	0.000	112.193	0.206
0.000	0.000	112.214	0.196
0.000	0.000	112.245	0.191
0.000	0.000	112.284	0.191
0.000	0.000	112.290	0.201
0.000	0.000	112.319	0.211
0.000	0.000	112.340	0.235
0.000	0.000	112.372	0.211
0.000	0.000	112.389	0.201
0.000	0.000	112.420	0.201
0.000	0.000	112.435	0.196
0.000	0.000	112.461	0.191
0.000	0.000	112.478	0.186
0.000	0.000	112.509	0.181
0.000	0.000	112.515	0.176
0.000	0.000	112.541	0.176
0.000	0.000	112.558	0.171
0.000	0.000	112.583	0.171
0.000	0.000	112.610	0.167
0.000	0.000	112.641	0.171
0.000	0.000	112.661	0.167
0.000	0.000	112.692	0.157
0.000	0.000	112.710	0.147
0.000	0.000	112.740	0.147
0.000	0.000	112.758	0.147
0.000	0.000	112.786	0.142
0.000	0.000	112.805	0.147
0.000	0.000	112.837	0.147
0.000	0.000	112.856	0.142
0.000	0.000	112.882	0.142
0.000	0.000	112.900	0.142
0.000	0.000	112.924	0.147
0.000	0.000	112.952	0.137
0.000	0.000	112.979	0.142
0.000	0.000	112.994	0.142
0.000	0.000	113.016	0.142
0.000	0.000	113.034	0.142
0.000	0.000	113.071	0.142
0.000	0.000	113.090	0.142
0.000	0.000	113.122	0.147
0.000	0.000	113.140	0.142
0.000	0.000	113.176	0.142
0.000	0.000	113.192	0.147
0.000	0.000	113.217	0.147
0.000	0.000	113.243	0.147
0.000	0.000	113.272	0.147
0.000	0.000	113.286	0.147
0.000	0.000	113.305	0.147
0.000	0.000	113.320	0.147
0.000	0.000	113.338	0.152
0.000	0.000	113.353	0.147
0.000	0.000	113.370	0.147
0.000	0.000	113.387	0.147
0.000	0.000	113.401	0.147
0.000	0.000	113.417	0.147
0.000	0.000	113.433	0.142
0.000	0.000	113.449	0.147
0.000	0.000	113.466	0.147
0.000	0.000	113.482	0.142
0.000	0.000	113.497	0.142
0.000	0.000	113.515	0.142
0.000	0.000	113.529	0.147
0.000	0.000	113.544	0.147
0.000	0.000	113.562	0.147
0.000	0.000	113.577	0.147
0.000	0.000	113.594	0.142
0.000	0.000	113.609	0.152
0.000	0.000	113.627	0.152
0.000	0.000	113.638	0.157
0.000	0.000	113.654	0.157
0.000	0.000	113.669	0.152
0.000	0.000	113.684	0.157
0.000	0.000	113.705	0.157
0.000	0.000	113.719	0.157
0.000	0.000	113.738	0.167
0.000	0.000	113.753	0.167
0.000	0.000	113.770	0.167
0.000	0.000	113.785	0.171
0.000	0.000	113.810	0.167
0.000	0.000	113.828	0.186
0.000	0.000	113.857	0.191
0.000	0.000	113.876	0.196
0.000	0.000	113.906	0.196
0.000	0.000	113.923	0.191
0.000	0.000	113.966	0.235
0.000	0.000	113.986	0.225
0.000	0.000	114.010	0.211
0.000	0.000	114.025	0.211
0.000	0.000	114.041	0.201
0.000	0.000	114.058	0.206
0.000	0.000	114.073	0.211
0.000	0.000	114.088	0.216
0.000	0.000	114.106	0.216
0.000	0.000	114.116	0.206
0.000	0.000	114.132	0.211
0.000	0.000	114.174	0.211
0.000	0.000	114.194	0.211
0.000	0.000	114.224	0.216
0.000	0.000	114.243	0.221
0.000	0.000	114.280	0.225
0.000	0.000	114.289	0.225
0.000	0.000	114.314	0.225
0.000	0.000	114.329	0.230
0.000	0.000	114.344	0.235
0.000	0.000	114.361	0.230
0.000	0.000	114.377	0.240
0.000	0.000	114.393	0.230
0.000	0.000	114.407	0.230
0.000	0.000	114.424	0.225
0.000	0.000	114.439	0.221
0.000	0.000	114.456	0.225
0.000	0.000	114.472	0.221
0.000	0.000	114.489	0.221
0.000	0.000	114.506	0.206
0.000	0.000	114.519	0.201
0.000	0.000	114.536	0.201
0.000	0.000	114.555	0.191
0.000	0.000	114.572	0.186
0.000	0.000	114.582	0.186
0.000	0.000	114.614	0.181
0.000	0.000	114.632	0.176
0.000	0.000	114.659	0.176
0.000	0.000	114.677	0.171
0.000	0.000	114.705	0.171
0.000	0.000	114.724	0.176
0.000	0.000	114.757	0.171
0.000	0.000	114.775	0.171
0.000	0.000	114.803	0.171
0.000	0.000	114.821	0.176
0.000	0.000	114.850	0.171
0.000	0.000	114.871	0.171
0.000	0.000	114.901	0.176
0.000	0.000	114.918	0.171
0.000	0.000	114.953	0.176
0.000	0.000	114.961	0.176
0.000	0.000	114.987	0.171
0.000	0.000	115.006	0.176
0.000	0.000	115.032	0.176
0.000	0.000	115.065	0.181
0.000	0.000	115.072	0.181
0.000	0.000	115.097	0.181
0.000	0.000	115.122	0.176
0.000	0.000	115.140	0.181
0.000	0.000	115.176	0.181
0.000	0.000	115.185	0.176
0.000	0.000	115.209	0.176
0.000	0.000	115.235	0.181
0.000	0.000	115.253	0.176
0.000	0.000	115.291	0.176
0.000	0.000	115.298	0.176
0.000	0.000	115.322	0.176
0.000	0.000	115.331	0.181
0.000	0.000	115.357	0.181
0.000	0.000	115.379	0.176
0.000	0.000	115.410	0.186
0.000	0.000	115.428	0.181
0.000	0.000	115.454	0.181
0.000	0.000	115.480	0.176
0.000	0.000	115.507	0.186
0.000	0.000	115.536	0.186
0.000	0.000	115.555	0.176
0.000	0.000	115.583	0.181
0.000	0.000	115.610	0.186
0.000	0.000	115.635	0.186
0.000	0.000	115.653	0.186
0.000	0.000	115.681	0.191
0.000	0.000	115.698	0.186
0.000	0.000	115.737	0.181
0.000	0.000	115.744	0.181
0.000	0.000	115.769	0.176
0.000	0.000	115.779	0.176
0.000	0.000	115.802	0.176
0.000	0.000	115.813	0.176
0.000	0.000	115.833	0.181
0.000	0.000	115.848	0.181
0.000	0.000	115.863	0.181
0.000	0.000	115.880	0.176
0.000	0.000	115.905	0.181
0.000	0.000	115.921	0.176
0.000	0.000	115.944	0.181
0.000	0.000	115.960	0.176
0.000	0.000	115.975	0.176
0.000	0.000	115.997	0.176
0.000	0.000	116.017	0.181
0.000	0.000	116.043	0.176
0.000	0.000	116.075	0.181
0.000	0.000	116.082	0.181
0.000	0.000	116.108	0.181
0.000	0.000	116.129	0.176
0.000	0.000	116.169	0.181
0.000	0.000	116.176	0.181
0.000	0.000	116.201	0.176
0.000	0.000	116.217	0.176
0.000	0.000	116.235	0.176
0.000	0.000	116.262	0.176
0.000	0.000	116.288	0.171
0.000	0.000	116.320	0.181
0.000	0.000	116.338	0.181
0.000	0.000	116.360	0.171
0.000	0.000	116.392	0.176
0.000	0.000	116.402	0.171
0.000	0.000	116.426	0.171
0.000	0.000	116.452	0.167
0.000	0.000	116.476	0.167
0.000	0.000	116.497	0.167
0.000	0.000	116.516	0.162
0.000	0.000	116.536	0.162
0.000	0.000	116.551	0.157
0.000	0.000	116.567	0.162
0.000	0.000	116.583	0.152
0.000	0.000	116.600	0.152
0.000	0.000	116.612	0.152
0.000	0.000	116.636	0.152
0.000	0.000	116.657	0.152
0.000	0.000	116.680	0.152
0.000	0.000	116.695	0.147
0.000	0.000	116.712	0.152
0.000	0.000	116.732	0.152
0.000	0.000	116.759	0.147
0.000	0.000	116.784	0.152
0.000	0.000	116.802	0.157
0.000	0.000	116.840	0.157
0.000	0.000	116.850	0.157
0.000	0.000	116.873	0.157
0.000	0.000	116.899	0.152
0.000	0.000	116.917	0.157
0.000	0.000	116.952	0.152
0.000	0.000	116.962	0.152
0.000	0.000	116.987	0.157
0.000	0.000	117.017	0.157
0.000	0.000	117.035	0.157
0.000	0.000	117.054	0.152
0.000	0.000	117.073	0.147
0.000	0.000	117.095	0.157
0.000	0.000	117.112	0.152
0.000	0.000	117.129	0.152
0.000	0.000	117.145	0.152
0.000	0.000	117.155	0.157
0.000	0.000	117.175	0.152
0.000	0.000	117.193	0.152
0.000	0.000	117.209	0.152
0.000	0.000	117.224	0.157
0.000	0.000	117.240	0.152
0.000	0.000	117.256	0.157
0.000	0.000	117.272	0.152
0.000	0.000	117.288	0.152
0.000	0.000	117.311	0.152
0.000	0.000	117.341	0.157
0.000	0.000	117.360	0.157
0.000	0.000	117.405	0.152
0.000	0.000	117.425	0.157
0.000	0.000	117.455	0.152
0.000	0.000	117.474	0.152
0.000	0.000	117.510	0.152
0.000	0.000	117.527	0.157
0.000	0.000	117.551	0.152
0.000	0.000	117.570	0.157
0.000	0.000	117.596	0.152
0.000	0.000	117.624	0.157
0.000	0.000	117.632	0.152
0.000	0.000	117.657	0.157
0.000	0.000	117.677	0.152
0.000	0.000	117.696	0.152
0.000	0.000	117.724	0.152
0.000	0.000	117.755	0.157
0.000	0.000	117.776	0.157
0.000	0.000	117.808	0.157
0.000	0.000	117.827	0.157
0.000	0.000	117.858	0.152
0.000	0.000	117.876	0.152
0.000	0.000	117.906	0.152
0.000	0.000	117.923	0.157
0.000	0.000	117.960	0.152
0.000	0.000	117.967	0.152
0.000	0.000	118.004	0.152
0.000	0.000	118.019	0.152
0.000	0.000	118.049	0.152
0.000	0.000	118.066	0.157
0.000	0.000	118.097	0.157
0.000	0.000	118.114	0.157
0.000	0.000	118.143	0.157
0.000	0.000	118.162	0.157
0.000	0.000	118.193	0.157
0.000	0.000	118.214	0.157
0.000	0.000	118.235	0.157
0.000	0.000	118.257	0.157
0.000	0.000	118.293	0.157
0.000	0.000	118.311	0.157
0.000	0.000	118.335	0.162
0.000	0.000	118.355	0.162
0.000	0.000	118.391	0.162
0.000	0.000	118.400	0.162
0.000	0.000	118.424	0.157
0.000	0.000	118.440	0.157
0.000	0.000	118.466	0.157
0.000	0.000	118.486	0.162
0.000	0.000	118.522	0.157
0.000	0.000	118.528	0.157
0.000	0.000	118.556	0.157
0.000	0.000	118.575	0.157
0.000	0.000	118.621	0.152
0.000	0.000	118.640	0.157
0.000	0.000	118.672	0.157
0.000	0.000	118.690	0.157
0.000	0.000	118.731	0.157
0.000	0.000	118.753	0.157
0.000	0.000	118.780	0.162
0.000	0.000	118.801	0.157
0.000	0.000	118.825	0.157
0.000	0.000	118.840	0.162
0.000	0.000	118.855	0.162
0.000	0.000	118.871	0.162
0.000	0.000	118.886	0.157
0.000	0.000	118.904	0.162
0.000	0.000	118.919	0.162
0.000	0.000	118.935	0.167
0.000	0.000	118.951	0.162
0.000	0.000	118.967	0.167
0.000	0.000	118.982	0.167
0.000	0.000	119.002	0.171
0.000	0.000	119.008	0.167
0.000	0.000	119.025	0.167
0.000	0.000	119.046	0.167
0.000	0.000	119.061	0.171
0.000	0.000	119.077	0.167
0.000	0.000	119.095	0.167
0.000	0.000	119.111	0.162
0.000	0.000	119.127	0.167
0.000	0.000	119.143	0.171
0.000	0.000	119.160	0.167
0.000	0.000	119.171	0.167
0.000	0.000	119.198	0.167
0.000	0.000	119.216	0.167
0.000	0.000	119.250	0.167
0.000	0.000	119.268	0.171
0.000	0.000	119.296	0.171
0.000	0.000	119.315	0.171
0.000	0.000	119.342	0.176
0.000	0.000	119.360	0.176
0.000	0.000	119.390	0.176
0.000	0.000	119.420	0.171
0.000	0.000	119.440	0.176
0.000	0.000	119.472	0.176
0.000	0.000	119.492	0.181
0.000	0.000	119.523	0.181
0.000	0.000	119.540	0.181
0.000	0.000	119.567	0.186
0.000	0.000	119.585	0.181
0.000	0.000	119.617	0.186
0.000	0.000	119.635	0.176
0.000	0.000	119.663	0.181
0.000	0.000	119.681	0.181
0.000	0.000	119.712	0.181
0.000	0.000	119.727	0.181
0.000	0.000	119.753	0.181
0.000	0.000	119.777	0.186
0.000	0.000	119.798	0.181
0.000	0.000	119.831	0.191
0.000	0.000	119.840	0.181
0.000	0.000	119.866	0.186
0.000	0.000	119.884	0.186
0.000	0.000	119.909	0.191
0.000	0.000	119.943	0.196
0.000	0.000	119.952	0.196
0.000	0.000	119.977	0.196
0.000	0.000	119.996	0.191
0.000	0.000	120.027	0.191
