0.000	0.000	0.000	0.073
0.000	0.000	0.070	0.073
0.000	0.000	0.086	0.073
0.000	0.000	0.107	0.073
0.000	0.000	0.132	0.073
0.000	0.000	0.160	0.073
0.000	0.000	0.192	0.073
0.000	0.000	0.208	0.073
0.000	0.000	0.231	0.069
0.000	0.000	0.243	0.073
0.000	0.000	0.259	0.073
0.000	0.000	0.274	0.073
0.000	0.000	0.291	0.073
0.000	0.000	0.305	0.073
0.000	0.000	0.321	0.073
0.000	0.000	0.339	0.073
0.000	0.000	0.352	0.073
0.000	0.000	0.369	0.069
0.000	0.000	0.388	0.073
0.000	0.000	0.401	0.073
0.000	0.000	0.417	0.073
0.000	0.000	0.433	0.073
0.000	0.000	0.449	0.069
0.000	0.000	0.464	0.073
0.000	0.000	0.479	0.073
0.000	0.000	0.495	0.073
0.000	0.000	0.511	0.073
0.000	0.000	0.527	0.069
0.000	0.000	0.543	0.073
0.000	0.000	0.561	0.073
0.000	0.000	0.577	0.073
0.000	0.000	0.591	0.073
0.000	0.000	0.611	0.069
0.000	0.000	0.623	0.073
0.000	0.000	0.640	0.073
0.000	0.000	0.656	0.073
0.000	0.000	0.672	0.073
0.000	0.000	0.686	0.073
0.000	0.000	0.702	0.073
0.000	0.000	0.718	0.073
0.000	0.000	0.734	0.073
0.000	0.000	0.751	0.073
0.000	0.000	0.769	0.073
0.000	0.000	0.784	0.069
0.000	0.000	0.802	0.073
0.000	0.000	0.815	0.073
0.000	0.000	0.837	0.073
0.000	0.000	0.850	0.073
0.000	0.000	0.862	0.073
0.000	0.000	0.879	0.073
0.000	0.000	0.895	0.073
0.000	0.000	0.910	0.073
0.000	0.000	0.928	0.069
0.000	0.000	0.956	0.073
0.000	0.000	0.976	0.073
0.000	0.000	0.992	0.073
0.000	0.000	1.008	0.073
0.000	0.000	1.024	0.073
0.000	0.000	1.038	0.073
0.000	0.000	1.056	0.073
0.000	0.000	1.072	0.073
0.000	0.000	1.087	0.073
0.000	0.000	1.105	0.073
0.000	0.000	1.119	0.073
0.000	0.000	1.136	0.073
0.000	0.000	1.150	0.073
0.000	0.000	1.166	0.073
0.000	0.000	1.181	0.073
0.000	0.000	1.197	0.073
0.000	0.000	1.215	0.073
0.000	0.000	1.232	0.073
0.000	0.000	1.248	0.073
0.000	0.000	1.261	0.073
0.000	0.000	1.278	0.073
0.000	0.000	1.295	0.073
0.000	0.000	1.309	0.073
0.000	0.000	1.327	0.073
0.000	0.000	1.343	0.073
0.000	0.000	1.358	0.073
0.000	0.000	1.375	0.073
0.000	0.000	1.391	0.073
0.000	0.000	1.407	0.073
0.000	0.000	1.422	0.073
0.000	0.000	1.439	0.073
0.000	0.000	1.456	0.073
0.000	0.000	1.470	0.073
0.000	0.000	1.487	0.073
0.000	0.000	1.503	0.073
0.000	0.000	1.517	0.073
0.000	0.000	1.534	0.073
0.000	0.000	1.551	0.073
0.000	0.000	1.568	0.073
0.000	0.000	1.583	0.073
0.000	0.000	1.598	0.073
0.000	0.000	1.615	0.073
0.000	0.000	1.630	0.073
0.000	0.000	1.660	0.073
0.000	0.000	1.678	0.073
0.000	0.000	1.695	0.073
0.000	0.000	1.709	0.073
0.000	0.000	1.726	0.073
0.000	0.000	1.751	0.073
0.000	0.000	1.790	0.073
0.000	0.000	1.805	0.073
0.000	0.000	1.823	0.073
0.000	0.000	1.837	0.073
0.000	0.000	1.855	0.073
0.000	0.000	1.871	0.073
0.000	0.000	1.886	0.073
0.000	0.000	1.902	0.073
0.000	0.000	1.918	0.073
0.000	0.000	1.934	0.073
0.000	0.000	1.950	0.073
0.000	0.000	1.967	0.073
0.000	0.000	1.981	0.073
0.000	0.000	1.997	0.073
0.000	0.000	2.014	0.073
0.000	0.000	2.030	0.073
0.000	0.000	2.046	0.073
0.000	0.000	2.063	0.073
0.000	0.000	2.079	0.073
0.000	0.000	2.096	0.073
0.000	0.000	2.110	0.073
0.000	0.000	2.126	0.073
0.000	0.000	2.142	0.073
0.000	0.000	2.159	0.073
0.000	0.000	2.174	0.073
0.000	0.000	2.190	0.073
0.000	0.000	2.205	0.073
0.000	0.000	2.223	0.073
0.000	0.000	2.237	0.073
0.000	0.000	2.254	0.069
0.000	0.000	2.269	0.073
0.000	0.000	2.286	0.073
0.000	0.000	2.301	0.073
0.000	0.000	2.317	0.073
0.000	0.000	2.336	0.073
0.000	0.000	2.349	0.073
0.000	0.000	2.365	0.073
0.000	0.000	2.380	0.073
0.000	0.000	2.398	0.073
0.000	0.000	2.414	0.073
0.000	0.000	2.429	0.073
0.000	0.000	2.446	0.073
0.000	0.000	2.463	0.073
0.000	0.000	2.479	0.073
0.000	0.000	2.494	0.073
0.000	0.000	2.509	0.073
0.000	0.000	2.526	0.073
0.000	0.000	2.541	0.073
0.000	0.000	2.558	0.073
0.000	0.000	2.574	0.073
0.000	0.000	2.590	0.073
0.000	0.000	2.606	0.073
0.000	0.000	2.622	0.073
0.000	0.000	2.639	0.073
0.000	0.000	2.652	0.073
0.000	0.000	2.670	0.073
0.000	0.000	2.685	0.073
0.000	0.000	2.702	0.073
0.000	0.000	2.717	0.073
0.000	0.000	2.734	0.073
0.000	0.000	2.751	0.073
0.000	0.000	2.765	0.073
0.000	0.000	2.781	0.073
0.000	0.000	2.796	0.073
0.000	0.000	2.814	0.073
0.000	0.000	2.829	0.073
0.000	0.000	2.845	0.073
0.000	0.000	2.861	0.073
0.000	0.000	2.878	0.073
0.000	0.000	2.892	0.073
0.000	0.000	2.909	0.073
0.000	0.000	2.924	0.073
0.000	0.000	2.941	0.073
0.000	0.000	2.957	0.073
0.000	0.000	2.974	0.073
0.000	0.000	2.990	0.073
0.000	0.000	3.004	0.073
0.000	0.000	3.022	0.073
0.000	0.000	3.037	0.073
0.000	0.000	3.053	0.073
0.000	0.000	3.070	0.073
0.000	0.000	3.085	0.069
0.000	0.000	3.102	0.073
0.000	0.000	3.117	0.073
0.000	0.000	3.134	0.073
0.000	0.000	3.150	0.073
0.000	0.000	3.166	0.073
0.000	0.000	3.181	0.073
0.000	0.000	3.198	0.073
0.000	0.000	3.216	0.073
0.000	0.000	3.230	0.073
0.000	0.000	3.248	0.073
0.000	0.000	3.263	0.073
0.000	0.000	3.278	0.073
0.000	0.000	3.293	0.073
0.000	0.000	3.311	0.073
0.000	0.000	3.325	0.078
0.000	0.000	3.343	0.073
0.000	0.000	3.358	0.073
0.000	0.000	3.373	0.073
0.000	0.000	3.391	0.073
0.000	0.000	3.406	0.073
0.000	0.000	3.423	0.073
0.000	0.000	3.438	0.073
0.000	0.000	3.453	0.073
0.000	0.000	3.470	0.073
0.000	0.000	3.487	0.073
0.000	0.000	3.501	0.073
0.000	0.000	3.517	0.073
0.000	0.000	3.533	0.069
0.000	0.000	3.549	0.073
0.000	0.000	3.565	0.073
0.000	0.000	3.583	0.073
0.000	0.000	3.598	0.078
0.000	0.000	3.615	0.073
0.000	0.000	3.631	0.073
0.000	0.000	3.647	0.073
0.000	0.000	3.662	0.073
0.000	0.000	3.678	0.073
0.000	0.000	3.694	0.073
0.000	0.000	3.711	0.073
0.000	0.000	3.726	0.073
0.000	0.000	3.742	0.073
0.000	0.000	3.759	0.073
0.000	0.000	3.774	0.073
0.000	0.000	3.790	0.073
0.000	0.000	3.806	0.073
0.000	0.000	3.821	0.073
0.000	0.000	3.836	0.073
0.000	0.000	3.855	0.073
0.000	0.000	3.870	0.073
0.000	0.000	3.884	0.073
0.000	0.000	3.901	0.073
0.000	0.000	3.917	0.073
0.000	0.000	3.934	0.069
0.000	0.000	3.949	0.073
0.000	0.000	3.964	0.073
0.000	0.000	3.983	0.073
0.000	0.000	3.996	0.073
0.000	0.000	4.014	0.073
0.000	0.000	4.029	0.078
0.000	0.000	4.045	0.073
0.000	0.000	4.062	0.073
0.000	0.000	4.077	0.073
0.000	0.000	4.092	0.073
0.000	0.000	4.108	0.073
0.000	0.000	4.125	0.073
0.000	0.000	4.140	0.073
0.000	0.000	4.157	0.073
0.000	0.000	4.174	0.073
0.000	0.000	4.190	0.073
0.000	0.000	4.205	0.073
0.000	0.000	4.221	0.073
0.000	0.000	4.237	0.073
0.000	0.000	4.253	0.073
0.000	0.000	4.268	0.073
0.000	0.000	4.284	0.073
0.000	0.000	4.301	0.073
0.000	0.000	4.317	0.073
0.000	0.000	4.333	0.073
0.000	0.000	4.348	0.073
0.000	0.000	4.366	0.073
0.000	0.000	4.382	0.073
0.000	0.000	4.396	0.073
0.000	0.000	4.414	0.073
0.000	0.000	4.430	0.078
0.000	0.000	4.445	0.078
0.000	0.000	4.461	0.073
0.000	0.000	4.477	0.073
0.000	0.000	4.493	0.073
0.000	0.000	4.508	0.073
0.000	0.000	4.525	0.073
0.000	0.000	4.541	0.073
0.000	0.000	4.556	0.073
0.000	0.000	4.573	0.073
0.000	0.000	4.590	0.073
0.000	0.000	4.605	0.073
0.000	0.000	4.620	0.073
0.000	0.000	4.637	0.073
0.000	0.000	4.654	0.073
0.000	0.000	4.668	0.073
0.000	0.000	4.685	0.073
0.000	0.000	4.700	0.073
0.000	0.000	4.716	0.073
0.000	0.000	4.733	0.073
0.000	0.000	4.748	0.073
0.000	0.000	4.764	0.073
0.000	0.000	4.781	0.073
0.000	0.000	4.796	0.073
0.000	0.000	4.813	0.073
0.000	0.000	4.829	0.073
0.000	0.000	4.844	0.073
0.000	0.000	4.862	0.073
0.000	0.000	4.877	0.073
0.000	0.000	4.894	0.073
0.000	0.000	4.909	0.073
0.000	0.000	4.925	0.073
0.000	0.000	4.942	0.073
0.000	0.000	4.958	0.073
0.000	0.000	4.974	0.073
0.000	0.000	4.988	0.073
0.000	0.000	5.005	0.073
0.000	0.000	5.020	0.073
0.000	0.000	5.037	0.073
0.000	0.000	5.054	0.073
0.000	0.000	5.068	0.073
0.000	0.000	5.086	0.073
0.000	0.000	5.100	0.078
0.000	0.000	5.117	0.073
0.000	0.000	5.132	0.073
0.000	0.000	5.150	0.073
0.000	0.000	5.166	0.073
0.000	0.000	5.180	0.073
0.000	0.000	5.197	0.073
0.000	0.000	5.213	0.073
0.000	0.000	5.228	0.073
0.000	0.000	5.243	0.073
0.000	0.000	5.260	0.073
0.000	0.000	5.276	0.073
0.000	0.000	5.293	0.073
0.000	0.000	5.308	0.073
0.000	0.000	5.325	0.073
0.000	0.000	5.341	0.073
0.000	0.000	5.356	0.073
0.000	0.000	5.373	0.073
0.000	0.000	5.389	0.073
0.000	0.000	5.405	0.073
0.000	0.000	5.420	0.073
0.000	0.000	5.437	0.073
0.000	0.000	5.453	0.073
0.000	0.000	5.468	0.073
0.000	0.000	5.485	0.073
0.000	0.000	5.500	0.073
0.000	0.000	5.517	0.073
0.000	0.000	5.531	0.078
0.000	0.000	5.548	0.073
0.000	0.000	5.564	0.073
0.000	0.000	5.579	0.073
0.000	0.000	5.597	0.073
0.000	0.000	5.612	0.073
0.000	0.000	5.628	0.073
0.000	0.000	5.643	0.073
0.000	0.000	5.660	0.073
0.000	0.000	5.677	0.073
0.000	0.000	5.693	0.073
0.000	0.000	5.709	0.073
0.000	0.000	5.726	0.073
0.000	0.000	5.740	0.073
0.000	0.000	5.756	0.073
0.000	0.000	5.773	0.073
0.000	0.000	5.789	0.073
0.000	0.000	5.804	0.073
0.000	0.000	5.822	0.073
0.000	0.000	5.845	0.073
0.000	0.000	5.852	0.078
0.000	0.000	5.869	0.073
0.000	0.000	5.885	0.073
0.000	0.000	5.901	0.073
0.000	0.000	5.918	0.073
0.000	0.000	5.933	0.073
0.000	0.000	5.949	0.073
0.000	0.000	5.964	0.073
0.000	0.000	5.981	0.073
0.000	0.000	5.996	0.073
0.000	0.000	6.011	0.073
0.000	0.000	6.029	0.073
0.000	0.000	6.045	0.073
0.000	0.000	6.060	0.073
0.000	0.000	6.076	0.073
0.000	0.000	6.092	0.073
0.000	0.000	6.109	0.073
0.000	0.000	6.124	0.073
0.000	0.000	6.141	0.073
0.000	0.000	6.156	0.073
0.000	0.000	6.173	0.073
0.000	0.000	6.187	0.073
0.000	0.000	6.204	0.073
0.000	0.000	6.220	0.073
0.000	0.000	6.238	0.073
0.000	0.000	6.251	0.073
0.000	0.000	6.268	0.073
0.000	0.000	6.283	0.073
0.000	0.000	6.299	0.073
0.000	0.000	6.316	0.073
0.000	0.000	6.332	0.073
0.000	0.000	6.348	0.073
0.000	0.000	6.364	0.073
0.000	0.000	6.380	0.073
0.000	0.000	6.396	0.073
0.000	0.000	6.411	0.073
0.000	0.000	6.429	0.073
0.000	0.000	6.445	0.073
0.000	0.000	6.460	0.073
0.000	0.000	6.477	0.073
0.000	0.000	6.492	0.073
0.000	0.000	6.508	0.073
0.000	0.000	6.525	0.073
0.000	0.000	6.539	0.073
0.000	0.000	6.555	0.073
0.000	0.000	6.573	0.073
0.000	0.000	6.588	0.073
0.000	0.000	6.604	0.073
0.000	0.000	6.620	0.073
0.000	0.000	6.636	0.073
0.000	0.000	6.652	0.073
0.000	0.000	6.669	0.073
0.000	0.000	6.684	0.073
0.000	0.000	6.699	0.073
0.000	0.000	6.717	0.073
0.000	0.000	6.732	0.073
0.000	0.000	6.747	0.073
0.000	0.000	6.763	0.073
0.000	0.000	6.780	0.073
0.000	0.000	6.796	0.073
0.000	0.000	6.811	0.078
0.000	0.000	6.827	0.073
0.000	0.000	6.845	0.073
0.000	0.000	6.859	0.073
0.000	0.000	6.875	0.073
0.000	0.000	6.893	0.073
0.000	0.000	6.907	0.078
0.000	0.000	6.923	0.078
0.000	0.000	6.940	0.073
0.000	0.000	6.957	0.073
0.000	0.000	6.971	0.073
0.000	0.000	6.987	0.073
0.000	0.000	7.004	0.073
0.000	0.000	7.020	0.073
0.000	0.000	7.035	0.073
0.000	0.000	7.054	0.073
0.000	0.000	7.067	0.073
0.000	0.000	7.084	0.073
0.000	0.000	7.101	0.078
0.000	0.000	7.116	0.073
0.000	0.000	7.133	0.073
0.000	0.000	7.148	0.073
0.000	0.000	7.164	0.073
0.000	0.000	7.180	0.073
0.000	0.000	7.196	0.073
0.000	0.000	7.211	0.073
0.000	0.000	7.228	0.073
0.000	0.000	7.244	0.078
0.000	0.000	7.262	0.073
0.000	0.000	7.275	0.073
0.000	0.000	7.291	0.073
0.000	0.000	7.307	0.073
0.000	0.000	7.325	0.073
0.000	0.000	7.339	0.073
0.000	0.000	7.356	0.073
0.000	0.000	7.372	0.073
0.000	0.000	7.386	0.073
0.000	0.000	7.405	0.073
0.000	0.000	7.420	0.078
0.000	0.000	7.438	0.073
0.000	0.000	7.452	0.073
0.000	0.000	7.468	0.073
0.000	0.000	7.484	0.073
0.000	0.000	7.500	0.073
0.000	0.000	7.517	0.073
0.000	0.000	7.530	0.073
0.000	0.000	7.549	0.073
0.000	0.000	7.565	0.073
0.000	0.000	7.580	0.073
0.000	0.000	7.596	0.073
0.000	0.000	7.611	0.073
0.000	0.000	7.627	0.073
0.000	0.000	7.645	0.073
0.000	0.000	7.660	0.073
0.000	0.000	7.676	0.073
0.000	0.000	7.692	0.073
0.000	0.000	7.708	0.073
0.000	0.000	7.723	0.073
0.000	0.000	7.740	0.073
0.000	0.000	7.755	0.073
0.000	0.000	7.772	0.073
0.000	0.000	7.789	0.073
0.000	0.000	7.804	0.073
0.000	0.000	7.819	0.073
0.000	0.000	7.836	0.073
0.000	0.000	7.850	0.073
0.000	0.000	7.868	0.073
0.000	0.000	7.884	0.078
0.000	0.000	7.899	0.073
0.000	0.000	7.915	0.073
0.000	0.000	7.931	0.073
0.000	0.000	7.947	0.073
0.000	0.000	7.962	0.073
0.000	0.000	7.978	0.073
0.000	0.000	7.994	0.073
0.000	0.000	8.012	0.073
0.000	0.000	8.028	0.078
0.000	0.000	8.044	0.073
0.000	0.000	8.059	0.073
0.000	0.000	8.075	0.073
0.000	0.000	8.092	0.073
0.000	0.000	8.109	0.073
0.000	0.000	8.124	0.073
0.000	0.000	8.139	0.078
0.000	0.000	8.156	0.078
0.000	0.000	8.171	0.073
0.000	0.000	8.188	0.073
0.000	0.000	8.204	0.073
0.000	0.000	8.219	0.073
0.000	0.000	8.236	0.078
0.000	0.000	8.251	0.073
0.000	0.000	8.268	0.073
0.000	0.000	8.284	0.073
0.000	0.000	8.299	0.073
0.000	0.000	8.314	0.073
0.000	0.000	8.330	0.073
0.000	0.000	8.347	0.073
0.000	0.000	8.362	0.073
0.000	0.000	8.379	0.073
0.000	0.000	8.396	0.073
0.000	0.000	8.412	0.073
0.000	0.000	8.427	0.073
0.000	0.000	8.443	0.073
0.000	0.000	8.459	0.073
0.000	0.000	8.474	0.073
0.000	0.000	8.491	0.073
0.000	0.000	8.506	0.078
0.000	0.000	8.522	0.073
0.000	0.000	8.539	0.073
0.000	0.000	8.555	0.073
0.000	0.000	8.572	0.073
0.000	0.000	8.586	0.073
0.000	0.000	8.603	0.073
0.000	0.000	8.620	0.073
0.000	0.000	8.635	0.078
0.000	0.000	8.652	0.073
0.000	0.000	8.666	0.073
0.000	0.000	8.682	0.078
0.000	0.000	8.699	0.073
0.000	0.000	8.716	0.073
0.000	0.000	8.731	0.073
0.000	0.000	8.746	0.073
0.000	0.000	8.764	0.078
0.000	0.000	8.779	0.073
0.000	0.000	8.796	0.078
0.000	0.000	8.811	0.073
0.000	0.000	8.827	0.073
0.000	0.000	8.843	0.073
0.000	0.000	8.860	0.078
0.000	0.000	8.875	0.078
0.000	0.000	8.890	0.073
0.000	0.000	8.907	0.073
0.000	0.000	8.922	0.073
0.000	0.000	8.939	0.078
0.000	0.000	8.955	0.073
0.000	0.000	8.970	0.073
0.000	0.000	8.987	0.073
0.000	0.000	9.004	0.078
0.000	0.000	9.018	0.073
0.000	0.000	9.034	0.078
0.000	0.000	9.052	0.073
0.000	0.000	9.067	0.073
0.000	0.000	9.084	0.078
0.000	0.000	9.101	0.073
0.000	0.000	9.114	0.078
0.000	0.000	9.130	0.073
0.000	0.000	9.147	0.078
0.000	0.000	9.164	0.078
0.000	0.000	9.178	0.078
0.000	0.000	9.194	0.073
0.000	0.000	9.211	0.078
0.000	0.000	9.227	0.073
0.000	0.000	9.243	0.073
0.000	0.000	9.258	0.078
0.000	0.000	9.276	0.078
0.000	0.000	9.291	0.073
0.000	0.000	9.307	0.073
0.000	0.000	9.324	0.073
0.000	0.000	9.340	0.078
0.000	0.000	9.355	0.073
0.000	0.000	9.371	0.078
0.000	0.000	9.387	0.078
0.000	0.000	9.403	0.078
0.000	0.000	9.420	0.078
0.000	0.000	9.435	0.073
0.000	0.000	9.452	0.073
0.000	0.000	9.467	0.078
0.000	0.000	9.482	0.078
0.000	0.000	9.499	0.078
0.000	0.000	9.515	0.078
0.000	0.000	9.530	0.078
0.000	0.000	9.548	0.078
0.000	0.000	9.563	0.078
0.000	0.000	9.578	0.073
0.000	0.000	9.593	0.083
0.000	0.000	9.610	0.078
0.000	0.000	9.626	0.078
0.000	0.000	9.643	0.078
0.000	0.000	9.660	0.078
0.000	0.000	9.674	0.078
0.000	0.000	9.690	0.078
0.000	0.000	9.706	0.078
0.000	0.000	9.723	0.078
0.000	0.000	9.737	0.073
0.000	0.000	9.754	0.078
0.000	0.000	9.770	0.078
0.000	0.000	9.786	0.078
0.000	0.000	9.803	0.083
0.000	0.000	9.818	0.078
0.000	0.000	9.834	0.078
0.000	0.000	9.850	0.078
0.000	0.000	9.868	0.078
0.000	0.000	9.882	0.078
0.000	0.000	9.900	0.078
0.000	0.000	9.915	0.078
0.000	0.000	9.932	0.078
0.000	0.000	9.946	0.078
0.000	0.000	9.962	0.078
0.000	0.000	9.980	0.078
0.000	0.000	9.995	0.078
0.000	0.000	10.011	0.078
0.000	0.000	10.026	0.078
0.000	0.000	10.042	0.078
0.000	0.000	10.058	0.078
0.000	0.000	10.074	0.078
0.000	0.000	10.090	0.078
0.000	0.000	10.106	0.078
0.000	0.000	10.123	0.078
0.000	0.000	10.138	0.078
0.000	0.000	10.155	0.078
0.000	0.000	10.170	0.078
0.000	0.000	10.186	0.078
0.000	0.000	10.203	0.078
0.000	0.000	10.219	0.078
0.000	0.000	10.235	0.078
0.000	0.000	10.251	0.078
0.000	0.000	10.265	0.073
0.000	0.000	10.283	0.073
0.000	0.000	10.299	0.078
0.000	0.000	10.314	0.078
0.000	0.000	10.331	0.078
0.000	0.000	10.345	0.078
0.000	0.000	10.363	0.078
0.000	0.000	10.379	0.078
0.000	0.000	10.394	0.078
0.000	0.000	10.410	0.078
0.000	0.000	10.427	0.078
0.000	0.000	10.441	0.078
0.000	0.000	10.458	0.078
0.000	0.000	10.473	0.078
0.000	0.000	10.490	0.073
0.000	0.000	10.507	0.078
0.000	0.000	10.523	0.078
0.000	0.000	10.538	0.078
0.000	0.000	10.555	0.078
0.000	0.000	10.571	0.078
0.000	0.000	10.587	0.078
0.000	0.000	10.604	0.078
0.000	0.000	10.620	0.078
0.000	0.000	10.634	0.073
0.000	0.000	10.650	0.073
0.000	0.000	10.666	0.083
0.000	0.000	10.683	0.073
0.000	0.000	10.697	0.073
0.000	0.000	10.713	0.073
0.000	0.000	10.730	0.078
0.000	0.000	10.747	0.078
0.000	0.000	10.763	0.078
0.000	0.000	10.777	0.078
0.000	0.000	10.794	0.078
0.000	0.000	10.811	0.078
0.000	0.000	10.827	0.078
0.000	0.000	10.842	0.078
0.000	0.000	10.857	0.078
0.000	0.000	10.875	0.078
0.000	0.000	10.890	0.073
0.000	0.000	10.906	0.078
0.000	0.000	10.924	0.073
0.000	0.000	10.939	0.078
0.000	0.000	10.955	0.078
0.000	0.000	10.969	0.078
0.000	0.000	10.986	0.078
0.000	0.000	11.001	0.078
0.000	0.000	11.017	0.078
0.000	0.000	11.034	0.078
0.000	0.000	11.050	0.078
0.000	0.000	11.067	0.078
0.000	0.000	11.082	0.078
0.000	0.000	11.097	0.078
0.000	0.000	11.115	0.073
0.000	0.000	11.129	0.078
0.000	0.000	11.145	0.078
0.000	0.000	11.161	0.073
0.000	0.000	11.178	0.078
0.000	0.000	11.194	0.078
0.000	0.000	11.209	0.078
0.000	0.000	11.226	0.078
0.000	0.000	11.242	0.078
0.000	0.000	11.258	0.078
0.000	0.000	11.274	0.078
0.000	0.000	11.290	0.078
0.000	0.000	11.305	0.078
0.000	0.000	11.323	0.073
0.000	0.000	11.338	0.078
0.000	0.000	11.354	0.078
0.000	0.000	11.369	0.078
0.000	0.000	11.385	0.078
0.000	0.000	11.402	0.078
0.000	0.000	11.417	0.078
0.000	0.000	11.436	0.078
0.000	0.000	11.450	0.078
0.000	0.000	11.466	0.078
0.000	0.000	11.481	0.078
0.000	0.000	11.498	0.078
0.000	0.000	11.514	0.078
0.000	0.000	11.530	0.078
0.000	0.000	11.548	0.078
0.000	0.000	11.562	0.078
0.000	0.000	11.578	0.078
0.000	0.000	11.594	0.078
0.000	0.000	11.610	0.083
0.000	0.000	11.625	0.078
0.000	0.000	11.641	0.083
0.000	0.000	11.657	0.078
0.000	0.000	11.674	0.078
0.000	0.000	11.690	0.078
0.000	0.000	11.706	0.083
0.000	0.000	11.723	0.083
0.000	0.000	11.737	0.078
0.000	0.000	11.753	0.078
0.000	0.000	11.770	0.078
0.000	0.000	11.785	0.078
0.000	0.000	11.802	0.083
0.000	0.000	11.818	0.078
0.000	0.000	11.834	0.078
0.000	0.000	11.850	0.078
0.000	0.000	11.867	0.083
0.000	0.000	11.881	0.078
0.000	0.000	11.897	0.078
0.000	0.000	11.914	0.078
0.000	0.000	11.930	0.078
0.000	0.000	11.946	0.078
0.000	0.000	11.962	0.083
0.000	0.000	11.977	0.078
0.000	0.000	11.996	0.078
0.000	0.000	12.010	0.078
0.000	0.000	12.026	0.078
0.000	0.000	12.043	0.078
0.000	0.000	12.058	0.078
0.000	0.000	12.074	0.088
0.000	0.000	12.089	0.083
0.000	0.000	12.105	0.083
0.000	0.000	12.121	0.083
0.000	0.000	12.138	0.083
0.000	0.000	12.153	0.083
0.000	0.000	12.169	0.083
0.000	0.000	12.186	0.083
0.000	0.000	12.202	0.083
0.000	0.000	12.218	0.088
0.000	0.000	12.234	0.083
0.000	0.000	12.250	0.083
0.000	0.000	12.265	0.083
0.000	0.000	12.281	0.083
0.000	0.000	12.297	0.078
0.000	0.000	12.314	0.088
0.000	0.000	12.329	0.083
0.000	0.000	12.346	0.083
0.000	0.000	12.362	0.088
0.000	0.000	12.377	0.083
0.000	0.000	12.394	0.083
0.000	0.000	12.411	0.083
0.000	0.000	12.426	0.083
0.000	0.000	12.441	0.083
0.000	0.000	12.458	0.083
0.000	0.000	12.473	0.083
0.000	0.000	12.488	0.078
0.000	0.000	12.507	0.078
0.000	0.000	12.522	0.083
0.000	0.000	12.537	0.078
0.000	0.000	12.555	0.083
0.000	0.000	12.568	0.083
0.000	0.000	12.586	0.083
0.000	0.000	12.602	0.083
0.000	0.000	12.618	0.078
0.000	0.000	12.635	0.078
0.000	0.000	12.650	0.078
0.000	0.000	12.666	0.078
0.000	0.000	12.682	0.078
0.000	0.000	12.697	0.078
0.000	0.000	12.713	0.078
0.000	0.000	12.730	0.078
0.000	0.000	12.745	0.078
0.000	0.000	12.760	0.078
0.000	0.000	12.777	0.078
0.000	0.000	12.794	0.078
0.000	0.000	12.809	0.078
0.000	0.000	12.824	0.078
0.000	0.000	12.842	0.078
0.000	0.000	12.857	0.078
0.000	0.000	12.874	0.078
0.000	0.000	12.890	0.078
0.000	0.000	12.906	0.083
0.000	0.000	12.922	0.083
0.000	0.000	12.936	0.083
0.000	0.000	12.954	0.078
0.000	0.000	12.969	0.083
0.000	0.000	12.986	0.083
0.000	0.000	13.000	0.078
0.000	0.000	13.016	0.078
0.000	0.000	13.033	0.083
0.000	0.000	13.050	0.083
0.000	0.000	13.064	0.083
0.000	0.000	13.082	0.083
0.000	0.000	13.097	0.083
0.000	0.000	13.113	0.083
0.000	0.000	13.129	0.083
0.000	0.000	13.145	0.083
0.000	0.000	13.162	0.083
0.000	0.000	13.177	0.088
0.000	0.000	13.193	0.088
0.000	0.000	13.210	0.088
0.000	0.000	13.225	0.088
0.000	0.000	13.241	0.088
0.000	0.000	13.258	0.088
0.000	0.000	13.273	0.083
0.000	0.000	13.289	0.088
0.000	0.000	13.304	0.088
0.000	0.000	13.322	0.088
0.000	0.000	13.337	0.088
0.000	0.000	13.354	0.088
0.000	0.000	13.370	0.083
0.000	0.000	13.385	0.088
0.000	0.000	13.401	0.088
0.000	0.000	13.418	0.088
0.000	0.000	13.434	0.088
0.000	0.000	13.448	0.088
0.000	0.000	13.466	0.088
0.000	0.000	13.482	0.088
0.000	0.000	13.497	0.088
0.000	0.000	13.513	0.088
0.000	0.000	13.530	0.088
0.000	0.000	13.546	0.088
0.000	0.000	13.561	0.088
0.000	0.000	13.577	0.088
0.000	0.000	13.594	0.083
0.000	0.000	13.610	0.088
0.000	0.000	13.624	0.088
0.000	0.000	13.641	0.088
0.000	0.000	13.658	0.083
0.000	0.000	13.672	0.088
0.000	0.000	13.689	0.088
0.000	0.000	13.704	0.083
0.000	0.000	13.722	0.088
0.000	0.000	13.737	0.083
0.000	0.000	13.753	0.083
0.000	0.000	13.769	0.088
0.000	0.000	13.785	0.088
0.000	0.000	13.801	0.088
0.000	0.000	13.817	0.083
0.000	0.000	13.834	0.088
0.000	0.000	13.848	0.083
0.000	0.000	13.865	0.088
0.000	0.000	13.881	0.088
0.000	0.000	13.897	0.088
0.000	0.000	13.912	0.083
0.000	0.000	13.928	0.088
0.000	0.000	13.945	0.088
0.000	0.000	13.961	0.088
0.000	0.000	13.977	0.088
0.000	0.000	13.994	0.083
0.000	0.000	14.008	0.088
0.000	0.000	14.025	0.083
0.000	0.000	14.040	0.088
0.000	0.000	14.057	0.088
0.000	0.000	14.072	0.083
0.000	0.000	14.089	0.088
0.000	0.000	14.106	0.088
0.000	0.000	14.120	0.083
0.000	0.000	14.136	0.083
0.000	0.000	14.153	0.083
0.000	0.000	14.169	0.088
0.000	0.000	14.185	0.083
0.000	0.000	14.201	0.083
0.000	0.000	14.216	0.083
0.000	0.000	14.232	0.083
0.000	0.000	14.250	0.083
0.000	0.000	14.264	0.088
0.000	0.000	14.281	0.088
0.000	0.000	14.297	0.093
0.000	0.000	14.313	0.098
0.000	0.000	14.328	0.093
0.000	0.000	14.345	0.098
0.000	0.000	14.361	0.103
0.000	0.000	14.376	0.098
0.000	0.000	14.392	0.098
0.000	0.000	14.409	0.103
0.000	0.000	14.426	0.098
0.000	0.000	14.441	0.103
0.000	0.000	14.456	0.103
0.000	0.000	14.472	0.103
0.000	0.000	14.488	0.108
0.000	0.000	14.504	0.103
0.000	0.000	14.520	0.108
0.000	0.000	14.537	0.108
0.000	0.000	14.553	0.108
0.000	0.000	14.568	0.108
0.000	0.000	14.585	0.113
0.000	0.000	14.602	0.113
0.000	0.000	14.618	0.113
0.000	0.000	14.632	0.118
0.000	0.000	14.648	0.122
0.000	0.000	14.665	0.127
0.000	0.000	14.681	0.132
0.000	0.000	14.697	0.137
0.000	0.000	14.713	0.142
0.000	0.000	14.729	0.127
0.000	0.000	14.745	0.142
0.000	0.000	14.759	0.147
0.000	0.000	14.777	0.152
0.000	0.000	14.792	0.152
0.000	0.000	14.809	0.142
0.000	0.000	14.824	0.137
0.000	0.000	14.841	0.137
0.000	0.000	14.857	0.142
0.000	0.000	14.873	0.137
0.000	0.000	14.887	0.132
0.000	0.000	14.905	0.132
0.000	0.000	14.920	0.137
0.000	0.000	14.935	0.132
0.000	0.000	14.951	0.132
0.000	0.000	14.968	0.127
0.000	0.000	14.984	0.122
0.000	0.000	15.001	0.127
0.000	0.000	15.016	0.118
0.000	0.000	15.032	0.118
0.000	0.000	15.049	0.118
0.000	0.000	15.065	0.122
0.000	0.000	15.080	0.118
0.000	0.000	15.096	0.118
0.000	0.000	15.113	0.118
0.000	0.000	15.129	0.118
0.000	0.000	15.146	0.118
0.000	0.000	15.160	0.118
0.000	0.000	15.176	0.113
0.000	0.000	15.191	0.113
0.000	0.000	15.208	0.113
0.000	0.000	15.225	0.113
0.000	0.000	15.239	0.113
0.000	0.000	15.256	0.113
0.000	0.000	15.273	0.113
0.000	0.000	15.287	0.113
0.000	0.000	15.303	0.113
0.000	0.000	15.321	0.108
0.000	0.000	15.337	0.108
0.000	0.000	15.351	0.113
0.000	0.000	15.367	0.108
0.000	0.000	15.385	0.103
0.000	0.000	15.401	0.103
0.000	0.000	15.416	0.108
0.000	0.000	15.432	0.108
0.000	0.000	15.448	0.098
0.000	0.000	15.466	0.103
0.000	0.000	15.481	0.103
0.000	0.000	15.495	0.103
0.000	0.000	15.513	0.098
0.000	0.000	15.528	0.098
0.000	0.000	15.545	0.098
0.000	0.000	15.560	0.103
0.000	0.000	15.576	0.098
0.000	0.000	15.591	0.098
0.000	0.000	15.608	0.093
0.000	0.000	15.625	0.093
0.000	0.000	15.640	0.093
0.000	0.000	15.656	0.093
0.000	0.000	15.672	0.093
0.000	0.000	15.688	0.093
0.000	0.000	15.704	0.093
0.000	0.000	15.720	0.088
0.000	0.000	15.736	0.093
0.000	0.000	15.753	0.093
0.000	0.000	15.768	0.093
0.000	0.000	15.784	0.093
0.000	0.000	15.799	0.093
0.000	0.000	15.816	0.088
0.000	0.000	15.833	0.093
0.000	0.000	15.848	0.093
0.000	0.000	15.864	0.093
0.000	0.000	15.880	0.093
0.000	0.000	15.897	0.093
0.000	0.000	15.912	0.088
0.000	0.000	15.927	0.088
0.000	0.000	15.946	0.093
0.000	0.000	15.961	0.088
0.000	0.000	15.976	0.093
0.000	0.000	15.992	0.093
0.000	0.000	16.008	0.093
0.000	0.000	16.025	0.093
0.000	0.000	16.041	0.093
0.000	0.000	16.055	0.093
0.000	0.000	16.072	0.088
0.000	0.000	16.088	0.093
0.000	0.000	16.104	0.093
0.000	0.000	16.120	0.093
0.000	0.000	16.135	0.093
0.000	0.000	16.153	0.093
0.000	0.000	16.167	0.093
0.000	0.000	16.184	0.093
0.000	0.000	16.199	0.093
0.000	0.000	16.215	0.093
0.000	0.000	16.231	0.093
0.000	0.000	16.248	0.093
0.000	0.000	16.264	0.093
0.000	0.000	16.279	0.088
0.000	0.000	16.295	0.093
0.000	0.000	16.313	0.093
0.000	0.000	16.327	0.093
0.000	0.000	16.345	0.098
0.000	0.000	16.360	0.093
0.000	0.000	16.375	0.093
0.000	0.000	16.392	0.093
0.000	0.000	16.408	0.093
0.000	0.000	16.423	0.093
0.000	0.000	16.439	0.093
0.000	0.000	16.456	0.093
0.000	0.000	16.472	0.093
0.000	0.000	16.487	0.093
0.000	0.000	16.506	0.093
0.000	0.000	16.520	0.093
0.000	0.000	16.535	0.088
0.000	0.000	16.552	0.093
0.000	0.000	16.567	0.093
0.000	0.000	16.584	0.093
0.000	0.000	16.600	0.093
0.000	0.000	16.617	0.093
0.000	0.000	16.632	0.093
0.000	0.000	16.647	0.093
0.000	0.000	16.664	0.093
0.000	0.000	16.680	0.088
0.000	0.000	16.696	0.088
0.000	0.000	16.713	0.088
0.000	0.000	16.728	0.088
0.000	0.000	16.743	0.093
0.000	0.000	16.759	0.093
0.000	0.000	16.776	0.093
0.000	0.000	16.791	0.093
0.000	0.000	16.807	0.093
0.000	0.000	16.824	0.098
0.000	0.000	16.840	0.098
0.000	0.000	16.856	0.093
0.000	0.000	16.873	0.098
0.000	0.000	16.887	0.098
0.000	0.000	16.905	0.103
0.000	0.000	16.920	0.103
0.000	0.000	16.935	0.103
0.000	0.000	16.953	0.103
0.000	0.000	16.967	0.108
0.000	0.000	16.983	0.103
0.000	0.000	16.999	0.108
0.000	0.000	17.017	0.103
0.000	0.000	17.032	0.103
0.000	0.000	17.047	0.108
0.000	0.000	17.065	0.108
0.000	0.000	17.079	0.103
0.000	0.000	17.094	0.103
0.000	0.000	17.111	0.108
0.000	0.000	17.128	0.108
0.000	0.000	17.143	0.103
0.000	0.000	17.159	0.108
0.000	0.000	17.176	0.108
0.000	0.000	17.193	0.108
0.000	0.000	17.206	0.108
0.000	0.000	17.224	0.108
0.000	0.000	17.240	0.108
0.000	0.000	17.256	0.108
0.000	0.000	17.271	0.108
0.000	0.000	17.288	0.103
0.000	0.000	17.304	0.103
0.000	0.000	17.319	0.108
0.000	0.000	17.334	0.103
0.000	0.000	17.351	0.103
0.000	0.000	17.367	0.108
0.000	0.000	17.382	0.103
0.000	0.000	17.400	0.103
0.000	0.000	17.415	0.108
0.000	0.000	17.431	0.108
0.000	0.000	17.448	0.108
0.000	0.000	17.465	0.103
0.000	0.000	17.479	0.108
0.000	0.000	17.495	0.108
0.000	0.000	17.511	0.108
0.000	0.000	17.527	0.103
0.000	0.000	17.545	0.103
0.000	0.000	17.560	0.108
0.000	0.000	17.575	0.108
0.000	0.000	17.590	0.103
0.000	0.000	17.606	0.103
0.000	0.000	17.624	0.108
0.000	0.000	17.639	0.108
0.000	0.000	17.656	0.103
0.000	0.000	17.670	0.103
0.000	0.000	17.688	0.103
0.000	0.000	17.702	0.108
0.000	0.000	17.719	0.098
0.000	0.000	17.734	0.103
0.000	0.000	17.751	0.103
0.000	0.000	17.766	0.103
0.000	0.000	17.783	0.103
0.000	0.000	17.799	0.103
0.000	0.000	17.816	0.103
0.000	0.000	17.832	0.103
0.000	0.000	17.848	0.098
0.000	0.000	17.865	0.098
0.000	0.000	17.880	0.098
0.000	0.000	17.897	0.093
0.000	0.000	17.913	0.098
0.000	0.000	17.928	0.093
0.000	0.000	17.944	0.093
0.000	0.000	17.961	0.093
0.000	0.000	17.975	0.093
0.000	0.000	17.992	0.093
0.000	0.000	18.008	0.088
0.000	0.000	18.024	0.093
0.000	0.000	18.040	0.088
0.000	0.000	18.054	0.088
0.000	0.000	18.072	0.093
0.000	0.000	18.088	0.093
0.000	0.000	18.102	0.093
0.000	0.000	18.120	0.093
0.000	0.000	18.134	0.093
0.000	0.000	18.150	0.093
0.000	0.000	18.166	0.093
0.000	0.000	18.182	0.093
0.000	0.000	18.199	0.093
0.000	0.000	18.214	0.098
0.000	0.000	18.230	0.093
0.000	0.000	18.247	0.093
0.000	0.000	18.264	0.093
0.000	0.000	18.280	0.093
0.000	0.000	18.294	0.098
0.000	0.000	18.311	0.093
0.000	0.000	18.327	0.093
0.000	0.000	18.345	0.098
0.000	0.000	18.359	0.098
0.000	0.000	18.376	0.098
0.000	0.000	18.390	0.098
0.000	0.000	18.406	0.098
0.000	0.000	18.423	0.098
0.000	0.000	18.438	0.098
0.000	0.000	18.455	0.098
0.000	0.000	18.470	0.098
0.000	0.000	18.487	0.103
0.000	0.000	18.503	0.098
0.000	0.000	18.519	0.103
0.000	0.000	18.535	0.103
0.000	0.000	18.550	0.103
0.000	0.000	18.567	0.103
0.000	0.000	18.584	0.103
0.000	0.000	18.600	0.103
0.000	0.000	18.615	0.103
0.000	0.000	18.630	0.103
0.000	0.000	18.647	0.103
0.000	0.000	18.663	0.103
0.000	0.000	18.680	0.103
0.000	0.000	18.695	0.098
0.000	0.000	18.711	0.103
0.000	0.000	18.727	0.098
0.000	0.000	18.744	0.098
0.000	0.000	18.760	0.103
0.000	0.000	18.775	0.103
0.000	0.000	18.791	0.103
0.000	0.000	18.806	0.098
0.000	0.000	18.822	0.098
0.000	0.000	18.839	0.098
0.000	0.000	18.855	0.098
0.000	0.000	18.871	0.098
0.000	0.000	18.888	0.103
0.000	0.000	18.903	0.103
0.000	0.000	18.918	0.103
0.000	0.000	18.934	0.103
0.000	0.000	18.950	0.103
0.000	0.000	18.966	0.098
0.000	0.000	18.982	0.103
0.000	0.000	18.998	0.103
0.000	0.000	19.014	0.103
0.000	0.000	19.030	0.103
0.000	0.000	19.048	0.103
0.000	0.000	19.062	0.098
0.000	0.000	19.079	0.103
0.000	0.000	19.095	0.103
0.000	0.000	19.110	0.103
0.000	0.000	19.127	0.103
0.000	0.000	19.143	0.103
0.000	0.000	19.158	0.103
0.000	0.000	19.174	0.103
0.000	0.000	19.190	0.103
0.000	0.000	19.207	0.103
0.000	0.000	19.224	0.108
0.000	0.000	19.238	0.103
0.000	0.000	19.255	0.103
0.000	0.000	19.271	0.108
0.000	0.000	19.286	0.103
0.000	0.000	19.301	0.103
0.000	0.000	19.318	0.103
0.000	0.000	19.335	0.103
0.000	0.000	19.351	0.108
0.000	0.000	19.366	0.108
0.000	0.000	19.384	0.108
0.000	0.000	19.398	0.108
0.000	0.000	19.415	0.108
0.000	0.000	19.430	0.103
0.000	0.000	19.446	0.103
0.000	0.000	19.463	0.108
0.000	0.000	19.478	0.108
0.000	0.000	19.494	0.103
0.000	0.000	19.510	0.108
0.000	0.000	19.527	0.108
0.000	0.000	19.543	0.108
0.000	0.000	19.558	0.108
0.000	0.000	19.574	0.103
0.000	0.000	19.592	0.103
0.000	0.000	19.607	0.103
0.000	0.000	19.623	0.108
0.000	0.000	19.638	0.103
0.000	0.000	19.654	0.103
0.000	0.000	19.669	0.098
0.000	0.000	19.687	0.103
0.000	0.000	19.703	0.098
0.000	0.000	19.719	0.093
0.000	0.000	19.733	0.098
0.000	0.000	19.750	0.098
0.000	0.000	19.767	0.098
0.000	0.000	19.784	0.098
0.000	0.000	19.798	0.093
0.000	0.000	19.815	0.098
0.000	0.000	19.830	0.098
0.000	0.000	19.846	0.098
0.000	0.000	19.862	0.098
0.000	0.000	19.879	0.098
0.000	0.000	19.893	0.093
0.000	0.000	19.909	0.093
0.000	0.000	19.927	0.093
0.000	0.000	19.941	0.093
0.000	0.000	19.958	0.093
0.000	0.000	19.975	0.093
0.000	0.000	19.992	0.093
0.000	0.000	20.005	0.093
0.000	0.000	20.022	0.088
0.000	0.000	20.038	0.088
0.000	0.000	20.055	0.088
0.000	0.000	20.071	0.088
0.000	0.000	20.087	0.088
0.000	0.000	20.102	0.088
0.000	0.000	20.118	0.088
0.000	0.000	20.134	0.088
0.000	0.000	20.149	0.088
0.000	0.000	20.166	0.088
0.000	0.000	20.184	0.088
0.000	0.000	20.197	0.083
0.000	0.000	20.214	0.083
0.000	0.000	20.230	0.088
0.000	0.000	20.247	0.088
0.000	0.000	20.263	0.088
0.000	0.000	20.278	0.088
0.000	0.000	20.294	0.088
0.000	0.000	20.310	0.088
0.000	0.000	20.325	0.088
0.000	0.000	20.342	0.088
0.000	0.000	20.357	0.088
0.000	0.000	20.374	0.083
0.000	0.000	20.390	0.088
0.000	0.000	20.405	0.083
0.000	0.000	20.424	0.088
0.000	0.000	20.439	0.088
0.000	0.000	20.456	0.088
0.000	0.000	20.470	0.088
0.000	0.000	20.486	0.088
0.000	0.000	20.502	0.083
0.000	0.000	20.519	0.088
0.000	0.000	20.534	0.088
0.000	0.000	20.550	0.088
0.000	0.000	20.566	0.088
0.000	0.000	20.582	0.083
0.000	0.000	20.597	0.088
0.000	0.000	20.614	0.088
0.000	0.000	20.630	0.088
0.000	0.000	20.646	0.088
0.000	0.000	20.662	0.088
0.000	0.000	20.678	0.083
0.000	0.000	20.694	0.088
0.000	0.000	20.709	0.088
0.000	0.000	20.725	0.088
0.000	0.000	20.742	0.083
0.000	0.000	20.759	0.088
0.000	0.000	20.774	0.088
0.000	0.000	20.790	0.088
0.000	0.000	20.805	0.083
0.000	0.000	20.823	0.088
0.000	0.000	20.837	0.088
0.000	0.000	20.854	0.088
0.000	0.000	20.870	0.093
0.000	0.000	20.886	0.088
0.000	0.000	20.902	0.088
0.000	0.000	20.917	0.088
0.000	0.000	20.935	0.088
0.000	0.000	20.950	0.088
0.000	0.000	20.966	0.088
0.000	0.000	20.983	0.088
0.000	0.000	20.997	0.088
0.000	0.000	21.013	0.088
0.000	0.000	21.031	0.088
0.000	0.000	21.047	0.088
0.000	0.000	21.061	0.088
0.000	0.000	21.078	0.093
0.000	0.000	21.095	0.093
0.000	0.000	21.111	0.093
0.000	0.000	21.126	0.093
0.000	0.000	21.141	0.093
0.000	0.000	21.159	0.098
0.000	0.000	21.174	0.098
0.000	0.000	21.190	0.103
0.000	0.000	21.205	0.098
0.000	0.000	21.222	0.098
0.000	0.000	21.240	0.098
0.000	0.000	21.257	0.098
0.000	0.000	21.270	0.103
0.000	0.000	21.286	0.103
0.000	0.000	21.302	0.103
0.000	0.000	21.319	0.103
0.000	0.000	21.334	0.103
0.000	0.000	21.349	0.108
0.000	0.000	21.366	0.108
0.000	0.000	21.382	0.113
0.000	0.000	21.397	0.118
0.000	0.000	21.415	0.122
0.000	0.000	21.432	0.132
0.000	0.000	21.446	0.137
0.000	0.000	21.462	0.147
0.000	0.000	21.478	0.157
0.000	0.000	21.495	0.157
0.000	0.000	21.509	0.171
0.000	0.000	21.525	0.171
0.000	0.000	21.541	0.167
0.000	0.000	21.558	0.162
0.000	0.000	21.575	0.162
0.000	0.000	21.589	0.157
0.000	0.000	21.605	0.152
0.000	0.000	21.621	0.142
0.000	0.000	21.637	0.147
0.000	0.000	21.654	0.142
0.000	0.000	21.671	0.137
0.000	0.000	21.686	0.132
0.000	0.000	21.702	0.132
0.000	0.000	21.716	0.132
0.000	0.000	21.733	0.122
0.000	0.000	21.749	0.113
0.000	0.000	21.766	0.108
0.000	0.000	21.781	0.103
0.000	0.000	21.797	0.103
0.000	0.000	21.815	0.098
0.000	0.000	21.830	0.098
0.000	0.000	21.846	0.093
0.000	0.000	21.863	0.088
0.000	0.000	21.876	0.088
0.000	0.000	21.893	0.088
0.000	0.000	21.909	0.088
0.000	0.000	21.926	0.088
0.000	0.000	21.943	0.088
0.000	0.000	21.957	0.088
0.000	0.000	21.974	0.083
0.000	0.000	21.990	0.083
0.000	0.000	22.007	0.083
0.000	0.000	22.021	0.083
0.000	0.000	22.038	0.083
0.000	0.000	22.053	0.083
0.000	0.000	22.068	0.088
0.000	0.000	22.084	0.083
0.000	0.000	22.102	0.083
0.000	0.000	22.118	0.083
0.000	0.000	22.134	0.083
0.000	0.000	22.150	0.083
0.000	0.000	22.165	0.083
0.000	0.000	22.181	0.083
0.000	0.000	22.197	0.083
0.000	0.000	22.215	0.083
0.000	0.000	22.230	0.088
0.000	0.000	22.245	0.083
0.000	0.000	22.261	0.088
0.000	0.000	22.278	0.083
0.000	0.000	22.294	0.088
0.000	0.000	22.309	0.083
0.000	0.000	22.325	0.083
0.000	0.000	22.342	0.088
0.000	0.000	22.357	0.088
0.000	0.000	22.373	0.083
0.000	0.000	22.390	0.083
0.000	0.000	22.405	0.088
0.000	0.000	22.421	0.083
0.000	0.000	22.436	0.083
0.000	0.000	22.454	0.088
0.000	0.000	22.470	0.088
0.000	0.000	22.484	0.093
0.000	0.000	22.502	0.088
0.000	0.000	22.517	0.088
0.000	0.000	22.533	0.093
0.000	0.000	22.549	0.088
0.000	0.000	22.565	0.093
0.000	0.000	22.582	0.093
0.000	0.000	22.597	0.093
0.000	0.000	22.613	0.093
0.000	0.000	22.628	0.093
0.000	0.000	22.647	0.093
0.000	0.000	22.660	0.093
0.000	0.000	22.678	0.098
0.000	0.000	22.693	0.098
0.000	0.000	22.710	0.098
0.000	0.000	22.725	0.098
0.000	0.000	22.742	0.093
0.000	0.000	22.757	0.098
0.000	0.000	22.773	0.098
0.000	0.000	22.790	0.098
0.000	0.000	22.806	0.098
0.000	0.000	22.820	0.098
0.000	0.000	22.837	0.098
0.000	0.000	22.854	0.098
0.000	0.000	22.870	0.098
0.000	0.000	22.885	0.098
0.000	0.000	22.901	0.098
0.000	0.000	22.917	0.098
0.000	0.000	22.932	0.103
0.000	0.000	22.948	0.098
0.000	0.000	22.964	0.098
0.000	0.000	22.981	0.103
0.000	0.000	22.999	0.103
0.000	0.000	23.014	0.103
0.000	0.000	23.028	0.103
0.000	0.000	23.045	0.098
0.000	0.000	23.060	0.098
0.000	0.000	23.077	0.098
0.000	0.000	23.092	0.098
0.000	0.000	23.108	0.098
0.000	0.000	23.125	0.093
0.000	0.000	23.143	0.098
0.000	0.000	23.156	0.098
0.000	0.000	23.172	0.098
0.000	0.000	23.189	0.098
0.000	0.000	23.204	0.098
0.000	0.000	23.221	0.093
0.000	0.000	23.236	0.098
0.000	0.000	23.255	0.098
0.000	0.000	23.269	0.093
0.000	0.000	23.284	0.093
0.000	0.000	23.300	0.098
0.000	0.000	23.317	0.093
0.000	0.000	23.335	0.098
0.000	0.000	23.349	0.093
0.000	0.000	23.365	0.093
0.000	0.000	23.380	0.093
0.000	0.000	23.399	0.093
0.000	0.000	23.413	0.093
0.000	0.000	23.429	0.093
0.000	0.000	23.444	0.093
0.000	0.000	23.460	0.093
0.000	0.000	23.478	0.093
0.000	0.000	23.493	0.093
0.000	0.000	23.509	0.098
0.000	0.000	23.525	0.093
0.000	0.000	23.541	0.098
0.000	0.000	23.558	0.098
0.000	0.000	23.572	0.093
0.000	0.000	23.589	0.093
0.000	0.000	23.605	0.088
0.000	0.000	23.620	0.088
0.000	0.000	23.637	0.093
0.000	0.000	23.652	0.088
0.000	0.000	23.669	0.093
0.000	0.000	23.685	0.093
0.000	0.000	23.700	0.088
0.000	0.000	23.716	0.093
0.000	0.000	23.734	0.093
0.000	0.000	23.748	0.093
0.000	0.000	23.765	0.088
0.000	0.000	23.781	0.093
0.000	0.000	23.797	0.088
0.000	0.000	23.812	0.088
0.000	0.000	23.828	0.093
0.000	0.000	23.845	0.088
0.000	0.000	23.860	0.088
0.000	0.000	23.877	0.088
0.000	0.000	23.893	0.093
0.000	0.000	23.908	0.088
0.000	0.000	23.925	0.088
0.000	0.000	23.941	0.093
0.000	0.000	23.956	0.088
0.000	0.000	23.973	0.088
0.000	0.000	23.989	0.088
0.000	0.000	24.006	0.088
0.000	0.000	24.020	0.088
0.000	0.000	24.038	0.088
0.000	0.000	24.053	0.088
0.000	0.000	24.068	0.088
0.000	0.000	24.085	0.093
0.000	0.000	24.100	0.093
0.000	0.000	24.117	0.088
0.000	0.000	24.132	0.093
0.000	0.000	24.150	0.093
0.000	0.000	24.165	0.093
0.000	0.000	24.181	0.098
0.000	0.000	24.196	0.098
0.000	0.000	24.213	0.098
0.000	0.000	24.230	0.103
0.000	0.000	24.245	0.103
0.000	0.000	24.260	0.108
0.000	0.000	24.276	0.108
0.000	0.000	24.293	0.108
0.000	0.000	24.307	0.113
0.000	0.000	24.326	0.118
0.000	0.000	24.341	0.118
0.000	0.000	24.356	0.122
0.000	0.000	24.371	0.122
0.000	0.000	24.387	0.132
0.000	0.000	24.404	0.137
0.000	0.000	24.420	0.142
0.000	0.000	24.437	0.142
0.000	0.000	24.454	0.142
0.000	0.000	24.469	0.142
0.000	0.000	24.486	0.152
0.000	0.000	24.500	0.152
0.000	0.000	24.517	0.157
0.000	0.000	24.533	0.157
0.000	0.000	24.549	0.162
0.000	0.000	24.568	0.162
0.000	0.000	24.582	0.167
0.000	0.000	24.597	0.167
0.000	0.000	24.614	0.167
0.000	0.000	24.630	0.167
0.000	0.000	24.644	0.167
0.000	0.000	24.661	0.171
0.000	0.000	24.678	0.167
0.000	0.000	24.693	0.162
0.000	0.000	24.709	0.167
0.000	0.000	24.724	0.167
0.000	0.000	24.740	0.162
0.000	0.000	24.756	0.162
0.000	0.000	24.773	0.162
0.000	0.000	24.790	0.162
0.000	0.000	24.806	0.157
0.000	0.000	24.823	0.157
0.000	0.000	24.836	0.152
0.000	0.000	24.854	0.152
0.000	0.000	24.869	0.152
0.000	0.000	24.885	0.147
0.000	0.000	24.901	0.147
0.000	0.000	24.918	0.142
0.000	0.000	24.933	0.147
0.000	0.000	24.949	0.142
0.000	0.000	24.965	0.137
0.000	0.000	24.982	0.142
0.000	0.000	24.997	0.137
0.000	0.000	25.013	0.137
0.000	0.000	25.027	0.137
0.000	0.000	25.045	0.132
0.000	0.000	25.059	0.137
0.000	0.000	25.075	0.132
0.000	0.000	25.092	0.132
0.000	0.000	25.109	0.132
0.000	0.000	25.125	0.137
0.000	0.000	25.140	0.127
0.000	0.000	25.156	0.127
0.000	0.000	25.172	0.132
0.000	0.000	25.189	0.127
0.000	0.000	25.204	0.127
0.000	0.000	25.220	0.132
0.000	0.000	25.237	0.132
0.000	0.000	25.257	0.132
0.000	0.000	25.268	0.132
0.000	0.000	25.284	0.137
0.000	0.000	25.300	0.132
0.000	0.000	25.315	0.127
0.000	0.000	25.331	0.132
0.000	0.000	25.348	0.132
0.000	0.000	25.363	0.132
0.000	0.000	25.381	0.132
0.000	0.000	25.397	0.127
0.000	0.000	25.413	0.132
0.000	0.000	25.428	0.127
0.000	0.000	25.444	0.127
0.000	0.000	25.461	0.122
0.000	0.000	25.476	0.127
0.000	0.000	25.492	0.127
0.000	0.000	25.508	0.132
0.000	0.000	25.525	0.122
0.000	0.000	25.541	0.127
0.000	0.000	25.557	0.132
0.000	0.000	25.573	0.122
0.000	0.000	25.587	0.127
0.000	0.000	25.604	0.127
0.000	0.000	25.620	0.127
0.000	0.000	25.636	0.127
0.000	0.000	25.652	0.122
0.000	0.000	25.669	0.127
0.000	0.000	25.684	0.127
0.000	0.000	25.700	0.127
0.000	0.000	25.715	0.122
0.000	0.000	25.731	0.127
0.000	0.000	25.748	0.122
0.000	0.000	25.765	0.122
0.000	0.000	25.779	0.122
0.000	0.000	25.796	0.118
0.000	0.000	25.812	0.122
0.000	0.000	25.829	0.122
0.000	0.000	25.845	0.122
0.000	0.000	25.861	0.122
0.000	0.000	25.876	0.122
0.000	0.000	25.891	0.122
0.000	0.000	25.908	0.122
0.000	0.000	25.924	0.122
0.000	0.000	25.939	0.118
0.000	0.000	25.957	0.122
0.000	0.000	25.971	0.118
0.000	0.000	25.989	0.118
0.000	0.000	26.004	0.118
0.000	0.000	26.020	0.122
0.000	0.000	26.037	0.118
0.000	0.000	26.051	0.122
0.000	0.000	26.068	0.118
0.000	0.000	26.083	0.118
0.000	0.000	26.101	0.118
0.000	0.000	26.116	0.118
0.000	0.000	26.132	0.118
0.000	0.000	26.149	0.118
0.000	0.000	26.163	0.118
0.000	0.000	26.180	0.118
0.000	0.000	26.195	0.118
0.000	0.000	26.211	0.118
0.000	0.000	26.228	0.118
0.000	0.000	26.243	0.118
0.000	0.000	26.260	0.118
0.000	0.000	26.276	0.113
0.000	0.000	26.291	0.118
0.000	0.000	26.307	0.118
0.000	0.000	26.323	0.118
0.000	0.000	26.339	0.118
0.000	0.000	26.355	0.113
0.000	0.000	26.372	0.113
0.000	0.000	26.387	0.113
0.000	0.000	26.404	0.118
0.000	0.000	26.419	0.113
0.000	0.000	26.436	0.118
0.000	0.000	26.452	0.113
0.000	0.000	26.467	0.118
0.000	0.000	26.483	0.113
0.000	0.000	26.501	0.113
0.000	0.000	26.515	0.113
0.000	0.000	26.531	0.122
0.000	0.000	26.547	0.118
0.000	0.000	26.564	0.118
0.000	0.000	26.579	0.118
0.000	0.000	26.597	0.113
0.000	0.000	26.613	0.118
0.000	0.000	26.628	0.113
0.000	0.000	26.644	0.113
0.000	0.000	26.659	0.113
0.000	0.000	26.675	0.113
0.000	0.000	26.690	0.113
0.000	0.000	26.709	0.113
0.000	0.000	26.724	0.113
0.000	0.000	26.740	0.113
0.000	0.000	26.754	0.113
0.000	0.000	26.773	0.113
0.000	0.000	26.789	0.113
0.000	0.000	26.804	0.113
0.000	0.000	26.819	0.113
0.000	0.000	26.836	0.113
0.000	0.000	26.852	0.113
0.000	0.000	26.867	0.118
0.000	0.000	26.883	0.113
0.000	0.000	26.901	0.113
0.000	0.000	26.915	0.113
0.000	0.000	26.930	0.113
0.000	0.000	26.947	0.113
0.000	0.000	26.965	0.118
0.000	0.000	26.979	0.113
0.000	0.000	26.996	0.118
0.000	0.000	27.011	0.113
0.000	0.000	27.027	0.113
0.000	0.000	27.045	0.113
0.000	0.000	27.059	0.118
0.000	0.000	27.075	0.118
0.000	0.000	27.092	0.113
0.000	0.000	27.107	0.113
0.000	0.000	27.124	0.113
0.000	0.000	27.139	0.113
0.000	0.000	27.155	0.113
0.000	0.000	27.173	0.118
0.000	0.000	27.187	0.113
0.000	0.000	27.204	0.118
0.000	0.000	27.220	0.113
0.000	0.000	27.235	0.118
0.000	0.000	27.251	0.113
0.000	0.000	27.267	0.108
0.000	0.000	27.284	0.113
0.000	0.000	27.298	0.113
0.000	0.000	27.316	0.113
0.000	0.000	27.333	0.113
0.000	0.000	27.347	0.118
0.000	0.000	27.364	0.118
0.000	0.000	27.379	0.113
0.000	0.000	27.396	0.113
0.000	0.000	27.411	0.113
0.000	0.000	27.429	0.113
0.000	0.000	27.445	0.113
0.000	0.000	27.459	0.113
0.000	0.000	27.475	0.113
0.000	0.000	27.490	0.113
0.000	0.000	27.507	0.113
0.000	0.000	27.524	0.118
0.000	0.000	27.540	0.118
0.000	0.000	27.555	0.113
0.000	0.000	27.571	0.108
0.000	0.000	27.586	0.113
0.000	0.000	27.604	0.113
0.000	0.000	27.620	0.113
0.000	0.000	27.635	0.113
0.000	0.000	27.651	0.113
0.000	0.000	27.667	0.113
0.000	0.000	27.683	0.108
0.000	0.000	27.698	0.113
0.000	0.000	27.715	0.108
0.000	0.000	27.732	0.113
0.000	0.000	27.746	0.113
0.000	0.000	27.763	0.113
0.000	0.000	27.779	0.113
0.000	0.000	27.796	0.113
0.000	0.000	27.812	0.113
0.000	0.000	27.828	0.113
0.000	0.000	27.844	0.113
0.000	0.000	27.858	0.113
0.000	0.000	27.876	0.113
0.000	0.000	27.892	0.113
0.000	0.000	27.907	0.113
0.000	0.000	27.923	0.113
0.000	0.000	27.939	0.108
0.000	0.000	27.954	0.108
0.000	0.000	27.971	0.113
0.000	0.000	27.987	0.113
0.000	0.000	28.003	0.113
0.000	0.000	28.019	0.113
0.000	0.000	28.034	0.113
0.000	0.000	28.051	0.113
0.000	0.000	28.068	0.108
0.000	0.000	28.085	0.108
0.000	0.000	28.099	0.108
0.000	0.000	28.115	0.113
0.000	0.000	28.130	0.108
0.000	0.000	28.146	0.108
0.000	0.000	28.163	0.108
0.000	0.000	28.179	0.113
0.000	0.000	28.195	0.108
0.000	0.000	28.211	0.113
0.000	0.000	28.227	0.113
0.000	0.000	28.243	0.113
0.000	0.000	28.259	0.113
0.000	0.000	28.276	0.108
0.000	0.000	28.291	0.113
0.000	0.000	28.306	0.108
0.000	0.000	28.323	0.108
0.000	0.000	28.339	0.108
0.000	0.000	28.355	0.108
0.000	0.000	28.370	0.108
0.000	0.000	28.386	0.108
0.000	0.000	28.404	0.108
0.000	0.000	28.420	0.113
0.000	0.000	28.435	0.113
0.000	0.000	28.450	0.108
0.000	0.000	28.467	0.108
0.000	0.000	28.482	0.108
0.000	0.000	28.499	0.108
0.000	0.000	28.516	0.108
0.000	0.000	28.530	0.108
0.000	0.000	28.547	0.108
0.000	0.000	28.562	0.113
0.000	0.000	28.578	0.113
0.000	0.000	28.595	0.108
0.000	0.000	28.611	0.108
0.000	0.000	28.627	0.108
0.000	0.000	28.643	0.108
0.000	0.000	28.659	0.108
0.000	0.000	28.676	0.108
0.000	0.000	28.691	0.108
0.000	0.000	28.706	0.108
0.000	0.000	28.722	0.108
0.000	0.000	28.738	0.108
0.000	0.000	28.755	0.108
0.000	0.000	28.771	0.113
0.000	0.000	28.787	0.113
0.000	0.000	28.804	0.108
0.000	0.000	28.819	0.108
0.000	0.000	28.834	0.108
0.000	0.000	28.850	0.108
0.000	0.000	28.867	0.108
0.000	0.000	28.883	0.108
0.000	0.000	28.901	0.108
0.000	0.000	28.915	0.108
0.000	0.000	28.930	0.108
0.000	0.000	28.948	0.108
0.000	0.000	28.964	0.108
0.000	0.000	28.979	0.108
0.000	0.000	28.995	0.108
0.000	0.000	29.010	0.108
0.000	0.000	29.026	0.108
0.000	0.000	29.043	0.113
0.000	0.000	29.058	0.108
0.000	0.000	29.076	0.108
0.000	0.000	29.091	0.108
0.000	0.000	29.108	0.108
0.000	0.000	29.123	0.108
0.000	0.000	29.138	0.113
0.000	0.000	29.155	0.108
0.000	0.000	29.170	0.103
0.000	0.000	29.186	0.108
0.000	0.000	29.201	0.108
0.000	0.000	29.218	0.108
0.000	0.000	29.235	0.108
0.000	0.000	29.250	0.108
0.000	0.000	29.267	0.108
0.000	0.000	29.283	0.108
0.000	0.000	29.300	0.108
0.000	0.000	29.315	0.108
0.000	0.000	29.331	0.103
0.000	0.000	29.347	0.108
0.000	0.000	29.363	0.108
0.000	0.000	29.378	0.108
0.000	0.000	29.396	0.113
0.000	0.000	29.411	0.108
0.000	0.000	29.426	0.108
0.000	0.000	29.442	0.113
0.000	0.000	29.460	0.113
0.000	0.000	29.475	0.113
0.000	0.000	29.490	0.108
0.000	0.000	29.506	0.108
0.000	0.000	29.523	0.108
0.000	0.000	29.540	0.108
0.000	0.000	29.555	0.108
0.000	0.000	29.569	0.108
0.000	0.000	29.586	0.108
0.000	0.000	29.604	0.108
0.000	0.000	29.619	0.108
0.000	0.000	29.634	0.108
0.000	0.000	29.650	0.113
0.000	0.000	29.665	0.108
0.000	0.000	29.683	0.108
0.000	0.000	29.698	0.108
0.000	0.000	29.714	0.108
0.000	0.000	29.730	0.103
0.000	0.000	29.745	0.108
0.000	0.000	29.762	0.108
0.000	0.000	29.779	0.108
0.000	0.000	29.795	0.108
0.000	0.000	29.811	0.108
0.000	0.000	29.825	0.108
0.000	0.000	29.843	0.108
0.000	0.000	29.859	0.108
0.000	0.000	29.875	0.108
0.000	0.000	29.890	0.108
0.000	0.000	29.906	0.108
0.000	0.000	29.924	0.108
0.000	0.000	29.939	0.108
0.000	0.000	29.954	0.108
0.000	0.000	29.970	0.108
0.000	0.000	29.987	0.108
0.000	0.000	30.003	0.113
0.000	0.000	30.019	0.108
0.000	0.000	30.036	0.103
0.000	0.000	30.050	0.103
0.000	0.000	30.067	0.108
0.000	0.000	30.082	0.108
0.000	0.000	30.099	0.108
0.000	0.000	30.114	0.108
0.000	0.000	30.130	0.108
0.000	0.000	30.147	0.108
0.000	0.000	30.162	0.108
0.000	0.000	30.177	0.108
0.000	0.000	30.194	0.108
0.000	0.000	30.210	0.108
0.000	0.000	30.227	0.108
0.000	0.000	30.241	0.108
0.000	0.000	30.258	0.108
0.000	0.000	30.275	0.113
0.000	0.000	30.292	0.108
0.000	0.000	30.306	0.108
0.000	0.000	30.323	0.108
0.000	0.000	30.337	0.108
0.000	0.000	30.355	0.108
0.000	0.000	30.370	0.108
0.000	0.000	30.385	0.108
0.000	0.000	30.402	0.108
0.000	0.000	30.418	0.108
0.000	0.000	30.434	0.108
0.000	0.000	30.450	0.108
0.000	0.000	30.465	0.113
0.000	0.000	30.483	0.108
0.000	0.000	30.498	0.108
0.000	0.000	30.513	0.103
0.000	0.000	30.531	0.108
0.000	0.000	30.546	0.108
0.000	0.000	30.562	0.108
0.000	0.000	30.579	0.108
0.000	0.000	30.595	0.108
0.000	0.000	30.611	0.108
0.000	0.000	30.625	0.108
0.000	0.000	30.642	0.108
0.000	0.000	30.658	0.108
0.000	0.000	30.675	0.108
0.000	0.000	30.691	0.108
0.000	0.000	30.706	0.108
0.000	0.000	30.721	0.108
0.000	0.000	30.737	0.108
0.000	0.000	30.755	0.108
0.000	0.000	30.769	0.113
0.000	0.000	30.786	0.108
0.000	0.000	30.801	0.108
0.000	0.000	30.819	0.108
0.000	0.000	30.834	0.103
0.000	0.000	30.849	0.108
0.000	0.000	30.867	0.108
0.000	0.000	30.881	0.108
0.000	0.000	30.899	0.108
0.000	0.000	30.914	0.108
0.000	0.000	30.930	0.108
0.000	0.000	30.946	0.108
0.000	0.000	30.963	0.108
0.000	0.000	30.977	0.108
0.000	0.000	30.994	0.108
0.000	0.000	31.009	0.108
0.000	0.000	31.026	0.108
0.000	0.000	31.041	0.108
0.000	0.000	31.058	0.108
0.000	0.000	31.075	0.108
0.000	0.000	31.090	0.108
0.000	0.000	31.107	0.108
0.000	0.000	31.123	0.108
0.000	0.000	31.137	0.108
0.000	0.000	31.154	0.108
0.000	0.000	31.170	0.108
0.000	0.000	31.186	0.108
0.000	0.000	31.202	0.108
0.000	0.000	31.218	0.108
0.000	0.000	31.234	0.108
0.000	0.000	31.250	0.108
0.000	0.000	31.265	0.108
0.000	0.000	31.282	0.108
0.000	0.000	31.298	0.108
0.000	0.000	31.314	0.108
0.000	0.000	31.329	0.108
0.000	0.000	31.346	0.108
0.000	0.000	31.362	0.108
0.000	0.000	31.379	0.103
0.000	0.000	31.395	0.108
0.000	0.000	31.409	0.108
0.000	0.000	31.425	0.113
0.000	0.000	31.442	0.108
0.000	0.000	31.457	0.108
0.000	0.000	31.474	0.108
0.000	0.000	31.490	0.108
0.000	0.000	31.507	0.108
0.000	0.000	31.521	0.108
0.000	0.000	31.537	0.108
0.000	0.000	31.555	0.108
0.000	0.000	31.571	0.108
0.000	0.000	31.586	0.108
0.000	0.000	31.603	0.108
0.000	0.000	31.618	0.103
0.000	0.000	31.634	0.108
0.000	0.000	31.649	0.108
0.000	0.000	31.665	0.108
0.000	0.000	31.680	0.108
0.000	0.000	31.698	0.108
0.000	0.000	31.715	0.108
0.000	0.000	31.729	0.108
0.000	0.000	31.745	0.108
0.000	0.000	31.761	0.108
0.000	0.000	31.778	0.108
0.000	0.000	31.795	0.108
0.000	0.000	31.810	0.103
0.000	0.000	31.825	0.108
0.000	0.000	31.842	0.108
0.000	0.000	31.857	0.108
0.000	0.000	31.874	0.108
0.000	0.000	31.891	0.108
0.000	0.000	31.906	0.108
0.000	0.000	31.922	0.108
0.000	0.000	31.939	0.103
0.000	0.000	31.954	0.108
0.000	0.000	31.970	0.108
0.000	0.000	31.985	0.108
0.000	0.000	32.001	0.108
0.000	0.000	32.017	0.108
0.000	0.000	32.034	0.108
0.000	0.000	32.049	0.108
0.000	0.000	32.065	0.113
0.000	0.000	32.082	0.108
0.000	0.000	32.098	0.108
0.000	0.000	32.113	0.108
0.000	0.000	32.130	0.103
0.000	0.000	32.145	0.108
0.000	0.000	32.161	0.108
0.000	0.000	32.178	0.108
0.000	0.000	32.194	0.108
0.000	0.000	32.209	0.108
0.000	0.000	32.227	0.108
0.000	0.000	32.241	0.108
0.000	0.000	32.256	0.108
0.000	0.000	32.274	0.103
0.000	0.000	32.289	0.108
0.000	0.000	32.305	0.108
0.000	0.000	32.322	0.108
0.000	0.000	32.338	0.108
0.000	0.000	32.352	0.108
0.000	0.000	32.370	0.108
0.000	0.000	32.385	0.108
0.000	0.000	32.401	0.108
0.000	0.000	32.417	0.108
0.000	0.000	32.434	0.113
0.000	0.000	32.448	0.108
0.000	0.000	32.466	0.108
0.000	0.000	32.481	0.108
0.000	0.000	32.497	0.108
0.000	0.000	32.513	0.108
0.000	0.000	32.530	0.108
0.000	0.000	32.545	0.108
0.000	0.000	32.562	0.103
0.000	0.000	32.577	0.108
0.000	0.000	32.593	0.103
0.000	0.000	32.609	0.108
0.000	0.000	32.626	0.108
0.000	0.000	32.640	0.108
0.000	0.000	32.657	0.103
0.000	0.000	32.675	0.108
0.000	0.000	32.690	0.108
0.000	0.000	32.704	0.108
0.000	0.000	32.721	0.108
0.000	0.000	32.738	0.108
0.000	0.000	32.753	0.108
0.000	0.000	32.770	0.108
0.000	0.000	32.784	0.108
0.000	0.000	32.802	0.103
0.000	0.000	32.816	0.108
0.000	0.000	32.832	0.108
0.000	0.000	32.849	0.108
0.000	0.000	32.866	0.108
0.000	0.000	32.880	0.108
0.000	0.000	32.896	0.103
0.000	0.000	32.915	0.103
0.000	0.000	32.928	0.108
0.000	0.000	32.945	0.103
0.000	0.000	32.960	0.108
0.000	0.000	32.978	0.103
0.000	0.000	32.994	0.108
0.000	0.000	33.010	0.103
0.000	0.000	33.025	0.108
0.000	0.000	33.040	0.103
0.000	0.000	33.056	0.103
0.000	0.000	33.075	0.103
0.000	0.000	33.089	0.103
0.000	0.000	33.107	0.108
0.000	0.000	33.120	0.103
0.000	0.000	33.137	0.103
0.000	0.000	33.153	0.103
0.000	0.000	33.169	0.108
0.000	0.000	33.185	0.103
0.000	0.000	33.201	0.108
0.000	0.000	33.219	0.108
0.000	0.000	33.235	0.103
0.000	0.000	33.249	0.108
0.000	0.000	33.265	0.108
0.000	0.000	33.281	0.108
0.000	0.000	33.296	0.103
0.000	0.000	33.314	0.108
0.000	0.000	33.330	0.108
0.000	0.000	33.346	0.108
0.000	0.000	33.361	0.108
0.000	0.000	33.376	0.108
0.000	0.000	33.393	0.108
0.000	0.000	33.410	0.108
0.000	0.000	33.426	0.103
0.000	0.000	33.440	0.108
0.000	0.000	33.456	0.108
0.000	0.000	33.473	0.108
0.000	0.000	33.488	0.108
0.000	0.000	33.505	0.108
0.000	0.000	33.521	0.113
0.000	0.000	33.536	0.108
0.000	0.000	33.553	0.108
0.000	0.000	33.570	0.103
0.000	0.000	33.585	0.113
0.000	0.000	33.600	0.113
0.000	0.000	33.617	0.108
0.000	0.000	33.633	0.113
0.000	0.000	33.648	0.108
0.000	0.000	33.665	0.113
0.000	0.000	33.680	0.108
0.000	0.000	33.697	0.108
0.000	0.000	33.713	0.113
0.000	0.000	33.730	0.113
0.000	0.000	33.745	0.108
0.000	0.000	33.761	0.108
0.000	0.000	33.779	0.108
0.000	0.000	33.792	0.113
0.000	0.000	33.810	0.113
0.000	0.000	33.824	0.108
0.000	0.000	33.842	0.108
0.000	0.000	33.857	0.113
0.000	0.000	33.873	0.108
0.000	0.000	33.889	0.108
0.000	0.000	33.904	0.113
0.000	0.000	33.922	0.108
0.000	0.000	33.936	0.113
0.000	0.000	33.954	0.108
0.000	0.000	33.969	0.108
0.000	0.000	33.984	0.113
0.000	0.000	34.000	0.113
0.000	0.000	34.018	0.108
0.000	0.000	34.033	0.108
0.000	0.000	34.048	0.113
0.000	0.000	34.065	0.113
0.000	0.000	34.081	0.113
0.000	0.000	34.096	0.108
0.000	0.000	34.114	0.118
0.000	0.000	34.129	0.108
0.000	0.000	34.146	0.108
0.000	0.000	34.160	0.113
0.000	0.000	34.177	0.113
0.000	0.000	34.194	0.108
0.000	0.000	34.209	0.113
0.000	0.000	34.225	0.108
0.000	0.000	34.242	0.108
0.000	0.000	34.257	0.113
0.000	0.000	34.273	0.108
0.000	0.000	34.289	0.108
0.000	0.000	34.305	0.113
0.000	0.000	34.321	0.113
0.000	0.000	34.338	0.108
0.000	0.000	34.354	0.108
0.000	0.000	34.368	0.113
0.000	0.000	34.384	0.108
0.000	0.000	34.399	0.113
0.000	0.000	34.417	0.108
0.000	0.000	34.434	0.108
0.000	0.000	34.449	0.113
0.000	0.000	34.465	0.108
0.000	0.000	34.481	0.113
0.000	0.000	34.498	0.108
0.000	0.000	34.512	0.108
0.000	0.000	34.529	0.108
0.000	0.000	34.545	0.113
0.000	0.000	34.561	0.108
0.000	0.000	34.578	0.113
0.000	0.000	34.593	0.113
0.000	0.000	34.609	0.108
0.000	0.000	34.625	0.108
0.000	0.000	34.642	0.108
0.000	0.000	34.657	0.113
0.000	0.000	34.673	0.108
0.000	0.000	34.690	0.108
0.000	0.000	34.704	0.108
0.000	0.000	34.720	0.108
0.000	0.000	34.736	0.113
0.000	0.000	34.753	0.113
0.000	0.000	34.768	0.113
0.000	0.000	34.784	0.113
0.000	0.000	34.801	0.113
0.000	0.000	34.817	0.108
0.000	0.000	34.833	0.108
0.000	0.000	34.849	0.113
0.000	0.000	34.863	0.113
0.000	0.000	34.880	0.108
0.000	0.000	34.896	0.108
0.000	0.000	34.911	0.108
0.000	0.000	34.929	0.108
0.000	0.000	34.946	0.113
0.000	0.000	34.962	0.108
0.000	0.000	34.977	0.113
0.000	0.000	34.992	0.113
0.000	0.000	35.009	0.108
0.000	0.000	35.024	0.108
0.000	0.000	35.043	0.113
0.000	0.000	35.057	0.113
0.000	0.000	35.073	0.108
0.000	0.000	35.089	0.113
0.000	0.000	35.104	0.113
0.000	0.000	35.122	0.113
0.000	0.000	35.137	0.113
0.000	0.000	35.153	0.113
0.000	0.000	35.170	0.113
0.000	0.000	35.186	0.108
0.000	0.000	35.201	0.113
0.000	0.000	35.218	0.113
0.000	0.000	35.234	0.108
0.000	0.000	35.250	0.113
0.000	0.000	35.264	0.113
0.000	0.000	35.280	0.113
0.000	0.000	35.296	0.113
0.000	0.000	35.311	0.113
0.000	0.000	35.328	0.113
0.000	0.000	35.343	0.108
0.000	0.000	35.360	0.108
0.000	0.000	35.376	0.113
0.000	0.000	35.392	0.113
0.000	0.000	35.409	0.113
0.000	0.000	35.424	0.113
0.000	0.000	35.439	0.113
0.000	0.000	35.457	0.113
0.000	0.000	35.474	0.108
0.000	0.000	35.489	0.113
0.000	0.000	35.505	0.113
0.000	0.000	35.520	0.108
0.000	0.000	35.536	0.108
0.000	0.000	35.551	0.113
0.000	0.000	35.569	0.108
0.000	0.000	35.584	0.113
0.000	0.000	35.600	0.108
0.000	0.000	35.616	0.108
0.000	0.000	35.634	0.108
0.000	0.000	35.647	0.113
0.000	0.000	35.664	0.113
0.000	0.000	35.684	0.108
0.000	0.000	35.696	0.108
0.000	0.000	35.714	0.113
0.000	0.000	35.728	0.113
0.000	0.000	35.744	0.113
0.000	0.000	35.760	0.108
0.000	0.000	35.777	0.113
0.000	0.000	35.792	0.108
0.000	0.000	35.807	0.108
0.000	0.000	35.825	0.113
0.000	0.000	35.842	0.108
0.000	0.000	35.856	0.108
0.000	0.000	35.873	0.108
0.000	0.000	35.888	0.113
0.000	0.000	35.904	0.113
0.000	0.000	35.919	0.108
0.000	0.000	35.936	0.113
0.000	0.000	35.954	0.113
0.000	0.000	35.968	0.113
0.000	0.000	35.984	0.113
0.000	0.000	36.000	0.108
0.000	0.000	36.017	0.108
0.000	0.000	36.032	0.113
0.000	0.000	36.047	0.113
0.000	0.000	36.064	0.113
0.000	0.000	36.080	0.113
0.000	0.000	36.096	0.108
0.000	0.000	36.113	0.113
0.000	0.000	36.128	0.113
0.000	0.000	36.143	0.118
0.000	0.000	36.161	0.113
0.000	0.000	36.176	0.113
0.000	0.000	36.193	0.108
0.000	0.000	36.208	0.113
0.000	0.000	36.225	0.108
0.000	0.000	36.240	0.108
0.000	0.000	36.256	0.108
0.000	0.000	36.272	0.108
0.000	0.000	36.288	0.113
0.000	0.000	36.304	0.108
0.000	0.000	36.320	0.113
0.000	0.000	36.335	0.113
0.000	0.000	36.351	0.108
0.000	0.000	36.368	0.113
0.000	0.000	36.382	0.108
0.000	0.000	36.398	0.113
0.000	0.000	36.415	0.108
0.000	0.000	36.431	0.108
0.000	0.000	36.449	0.113
0.000	0.000	36.462	0.108
0.000	0.000	36.480	0.108
0.000	0.000	36.495	0.113
0.000	0.000	36.512	0.113
0.000	0.000	36.528	0.113
0.000	0.000	36.545	0.113
0.000	0.000	36.560	0.113
0.000	0.000	36.575	0.113
0.000	0.000	36.592	0.108
0.000	0.000	36.608	0.108
0.000	0.000	36.623	0.108
0.000	0.000	36.640	0.113
0.000	0.000	36.656	0.113
0.000	0.000	36.672	0.108
0.000	0.000	36.689	0.108
0.000	0.000	36.705	0.113
0.000	0.000	36.720	0.113
0.000	0.000	36.735	0.108
0.000	0.000	36.752	0.118
0.000	0.000	36.768	0.113
0.000	0.000	36.783	0.113
0.000	0.000	36.798	0.113
0.000	0.000	36.816	0.113
0.000	0.000	36.832	0.113
0.000	0.000	36.847	0.113
0.000	0.000	36.865	0.113
0.000	0.000	36.879	0.113
0.000	0.000	36.895	0.113
0.000	0.000	36.911	0.113
0.000	0.000	36.927	0.108
0.000	0.000	36.942	0.113
0.000	0.000	36.959	0.108
0.000	0.000	36.976	0.108
0.000	0.000	36.991	0.113
0.000	0.000	37.007	0.113
0.000	0.000	37.025	0.118
0.000	0.000	37.040	0.113
0.000	0.000	37.055	0.113
0.000	0.000	37.071	0.113
0.000	0.000	37.088	0.108
0.000	0.000	37.104	0.113
0.000	0.000	37.120	0.113
0.000	0.000	37.135	0.108
0.000	0.000	37.151	0.113
0.000	0.000	37.168	0.113
0.000	0.000	37.185	0.113
0.000	0.000	37.199	0.113
0.000	0.000	37.215	0.113
0.000	0.000	37.231	0.113
0.000	0.000	37.247	0.113
0.000	0.000	37.263	0.108
0.000	0.000	37.280	0.113
0.000	0.000	37.296	0.113
0.000	0.000	37.310	0.113
0.000	0.000	37.326	0.113
0.000	0.000	37.342	0.113
0.000	0.000	37.358	0.113
0.000	0.000	37.375	0.113
0.000	0.000	37.392	0.113
0.000	0.000	37.408	0.113
0.000	0.000	37.422	0.113
0.000	0.000	37.438	0.113
0.000	0.000	37.454	0.113
0.000	0.000	37.471	0.113
0.000	0.000	37.488	0.113
0.000	0.000	37.503	0.113
0.000	0.000	37.520	0.113
0.000	0.000	37.536	0.113
0.000	0.000	37.552	0.108
0.000	0.000	37.568	0.118
0.000	0.000	37.582	0.113
0.000	0.000	37.599	0.113
0.000	0.000	37.616	0.113
0.000	0.000	37.631	0.113
0.000	0.000	37.648	0.113
0.000	0.000	37.664	0.113
0.000	0.000	37.679	0.113
0.000	0.000	37.695	0.113
0.000	0.000	37.711	0.118
0.000	0.000	37.727	0.113
0.000	0.000	37.742	0.113
0.000	0.000	37.760	0.113
0.000	0.000	37.774	0.113
0.000	0.000	37.792	0.113
0.000	0.000	37.808	0.113
0.000	0.000	37.823	0.108
0.000	0.000	37.840	0.113
0.000	0.000	37.856	0.108
0.000	0.000	37.872	0.113
0.000	0.000	37.887	0.113
0.000	0.000	37.904	0.113
0.000	0.000	37.918	0.108
0.000	0.000	37.934	0.113
0.000	0.000	37.951	0.113
0.000	0.000	37.967	0.113
0.000	0.000	37.983	0.113
0.000	0.000	37.999	0.113
0.000	0.000	38.015	0.113
0.000	0.000	38.031	0.113
0.000	0.000	38.046	0.113
0.000	0.000	38.063	0.108
0.000	0.000	38.080	0.113
0.000	0.000	38.095	0.113
0.000	0.000	38.111	0.113
0.000	0.000	38.126	0.113
0.000	0.000	38.146	0.113
0.000	0.000	38.159	0.118
0.000	0.000	38.176	0.113
0.000	0.000	38.191	0.113
0.000	0.000	38.206	0.113
0.000	0.000	38.223	0.113
0.000	0.000	38.241	0.113
0.000	0.000	38.256	0.113
0.000	0.000	38.272	0.113
0.000	0.000	38.287	0.113
0.000	0.000	38.302	0.113
0.000	0.000	38.321	0.118
0.000	0.000	38.336	0.113
0.000	0.000	38.352	0.113
0.000	0.000	38.368	0.113
0.000	0.000	38.384	0.113
0.000	0.000	38.401	0.113
0.000	0.000	38.414	0.118
0.000	0.000	38.430	0.113
0.000	0.000	38.446	0.113
0.000	0.000	38.463	0.113
0.000	0.000	38.478	0.113
0.000	0.000	38.494	0.118
0.000	0.000	38.511	0.113
0.000	0.000	38.527	0.108
0.000	0.000	38.543	0.113
0.000	0.000	38.560	0.113
0.000	0.000	38.575	0.118
0.000	0.000	38.591	0.113
0.000	0.000	38.606	0.118
0.000	0.000	38.622	0.113
0.000	0.000	38.639	0.113
0.000	0.000	38.655	0.113
0.000	0.000	38.671	0.113
0.000	0.000	38.686	0.118
0.000	0.000	38.704	0.118
0.000	0.000	38.718	0.113
0.000	0.000	38.737	0.113
0.000	0.000	38.751	0.113
0.000	0.000	38.766	0.113
0.000	0.000	38.783	0.113
0.000	0.000	38.798	0.118
0.000	0.000	38.815	0.113
0.000	0.000	38.832	0.118
0.000	0.000	38.847	0.113
0.000	0.000	38.864	0.113
0.000	0.000	38.880	0.113
0.000	0.000	38.895	0.113
0.000	0.000	38.911	0.113
0.000	0.000	38.928	0.113
0.000	0.000	38.944	0.113
0.000	0.000	38.958	0.113
0.000	0.000	38.974	0.113
0.000	0.000	38.991	0.113
0.000	0.000	39.006	0.113
0.000	0.000	39.023	0.118
0.000	0.000	39.038	0.118
0.000	0.000	39.054	0.113
0.000	0.000	39.070	0.113
0.000	0.000	39.087	0.118
0.000	0.000	39.103	0.113
0.000	0.000	39.119	0.113
0.000	0.000	39.136	0.113
0.000	0.000	39.150	0.113
0.000	0.000	39.166	0.113
0.000	0.000	39.182	0.113
0.000	0.000	39.199	0.122
0.000	0.000	39.215	0.113
0.000	0.000	39.232	0.118
0.000	0.000	39.247	0.113
0.000	0.000	39.263	0.118
0.000	0.000	39.277	0.113
0.000	0.000	39.295	0.113
0.000	0.000	39.310	0.118
0.000	0.000	39.326	0.113
0.000	0.000	39.343	0.113
0.000	0.000	39.359	0.113
0.000	0.000	39.373	0.113
0.000	0.000	39.390	0.113
0.000	0.000	39.408	0.113
0.000	0.000	39.424	0.113
0.000	0.000	39.440	0.113
0.000	0.000	39.455	0.118
0.000	0.000	39.472	0.113
0.000	0.000	39.486	0.113
0.000	0.000	39.503	0.113
0.000	0.000	39.518	0.113
0.000	0.000	39.534	0.118
0.000	0.000	39.550	0.118
0.000	0.000	39.566	0.118
0.000	0.000	39.582	0.118
0.000	0.000	39.599	0.118
0.000	0.000	39.615	0.113
0.000	0.000	39.630	0.113
0.000	0.000	39.645	0.113
0.000	0.000	39.663	0.118
0.000	0.000	39.679	0.118
0.000	0.000	39.695	0.113
0.000	0.000	39.711	0.118
0.000	0.000	39.728	0.118
0.000	0.000	39.744	0.118
0.000	0.000	39.759	0.118
0.000	0.000	39.775	0.113
0.000	0.000	39.789	0.118
0.000	0.000	39.806	0.113
0.000	0.000	39.823	0.113
0.000	0.000	39.837	0.113
0.000	0.000	39.853	0.113
0.000	0.000	39.870	0.118
0.000	0.000	39.887	0.118
0.000	0.000	39.902	0.118
0.000	0.000	39.918	0.118
0.000	0.000	39.935	0.118
0.000	0.000	39.950	0.118
0.000	0.000	39.965	0.118
0.000	0.000	39.983	0.118
0.000	0.000	150.008	0.073
0.000	0.000	150.026	0.069
0.000	0.000	150.041	0.069
0.000	0.000	150.056	0.073
0.000	0.000	150.072	0.073
0.000	0.000	150.089	0.069
0.000	0.000	150.105	0.069
0.000	0.000	150.120	0.073
0.000	0.000	150.136	0.069
0.000	0.000	150.153	0.069
0.000	0.000	150.168	0.073
0.000	0.000	150.184	0.069
0.000	0.000	150.202	0.069
0.000	0.000	150.215	0.073
0.000	0.000	150.233	0.073
0.000	0.000	150.249	0.073
0.000	0.000	150.265	0.073
0.000	0.000	150.279	0.069
0.000	0.000	150.296	0.069
0.000	0.000	150.312	0.069

